RSZYD17042756_A RSZYD17042799_A RSZYD17042762_A RSZYD17050395_A RSZYD17042796_A RSZYD17042811_A RSZYD17042795_A RSZYD17042803_A RSZYD17050358_A RSZYD17050362_A RSZYD17042790_A RSZYD17050411_A RSZYD17042770_A RSZYD17050351_A RSZYD17050383_A RSZYD17042816_A RSZYD17042761_A RSZYD17050391_A RSZYD17042797_A RSZYD17050409_A RSZYD17050397_A RSZYD17050371_A RSZYD17050389_A RSZYD17042801_A RSZYD17050406_A RSZYD17042817_A RSZYD17042782_A RSZYD17050380_A RSZYD17050385_A RSZYD17042784_A RSZYD17050408_A RSZYD17050387_A RSZYD17042774_A RSZYD17042789_A RSZYD17042810_A RSZYD17050403_A RSZYD17042767_A RSZYD17042763_A RSZYD17050405_A RSZYD17042798_A RSZYD17042793_A RSZYD17042809_A RSZYD17050349_A RSZYD17042775_A RSZYD17042786_A RSZYD17050357_A RSZYD17050390_A RSZYD17050382_A RSZYD17050381_A RSZYD17050399_A RSZYD17042765_A RSZYD17050360_A RSZYD17050402_A RSZYD17042777_A RSZYD17042805_A RSZYD17050356_A RSZYD17050368_A RSZYD17042771_A RSZYD17042768_A RSZYD17042773_A RSZYD17050376_A RSZYD17050377_A RSZYD17050354_A RSZYD17042780_A RSZYD17050370_A RSZYD17042778_A RSZYD17042760_A RSZYD17050363_A RSZYD17042757_A RSZYD17050350_A RSZYD17050359_A RSZYD17050355_A RSZYD17050348_A RSZYD17042769_A RSZYD17042759_A RSZYD17050384_A RSZYD17050369_A RSZYD17042821_A RSZYD17042822_A RSZYD17042776_A RSZYD17050361_A RSZYD17050374_A
RSZYD17042756_A 0 0.464267 0.123632 0.0952842 0.209548 0.101681 0.4065 0.20021 0.133808 0.133309 0.288874 0.272148 0.392895 0.107209 0.511334 0.126329 0.361072 0.222744 0.128088 0.242572 0.459341 0.498166 0.548972 0.497721 0.42698 0.226231 0.561112 0.210163 0.454993 0.536061 0.307783 0.549858 0.333637 0.412208 0.482092 0.427749 0.26126 0.142519 0.510438 0.0927887 0.202561 0.337501 0.0885393 0.470392 0.20207 0.202548 0.430122 0.201902 0.384544 0.273267 0.244578 0.418396 0.493826 0.213768 0.239562 0.22303 0.1529 0.109571 0.154226 0.488949 0.323013 0.443053 0.422872 0.244045 0.150135 0.115338 0.361889 0.399982 0.246379 0.218371 0.179216 0.137118 0.307923 0.58948 0.213189 0.132862 0.592962 0.212998 0.582502 0.202927 0.148319 0.543057
RSZYD17042799_A 0.464267 0 0.4917 0.459056 0.309858 0.436573 0.249075 0.586582 0.386592 0.516593 0.255951 0.233878 0.137643 0.426108 0.0670255 0.50781 0.196292 0.602808 0.383027 0.423299 0.185996 0.23467 0.300882 0.089292 0.106815 0.597103 0.298492 0.609212 0.117995 0.180072 0.297829 0.160972 0.277253 0.144924 0.172335 0.105096 0.44992 0.542689 0.141541 0.468411 0.588256 0.231454 0.465538 0.165353 0.387709 0.584652 0.244444 0.589059 0.245846 0.323346 0.386104 0.162885 0.251432 0.300617 0.620453 0.449344 0.53816 0.487624 0.381855 0.232975 0.237939 0.241356 0.199849 0.37754 0.443049 0.457218 0.246466 0.230538 0.279744 0.295304 0.567503 0.438072 0.279102 0.14375 0.470516 0.513842 0.187333 0.592256 0.142973 0.404751 0.436458 0.133744
RSZYD17042762_A 0.123632 0.4917 0 0.110709 0.251028 0.0981522 0.418386 0.112095 0.162055 0.106548 0.305661 0.280019 0.408191 0.124283 0.536108 0.0765685 0.378831 0.13207 0.161407 0.25551 0.475347 0.519812 0.579102 0.508818 0.44614 0.140214 0.562483 0.156676 0.463101 0.552534 0.34265 0.557553 0.352573 0.447009 0.497818 0.449066 0.319463 0.0851849 0.523908 0.0811871 0.114053 0.355944 0.128424 0.489158 0.221692 0.112803 0.455426 0.124144 0.396659 0.312216 0.290352 0.439387 0.520345 0.260442 0.148796 0.243334 0.10245 0.125369 0.168352 0.508786 0.34146 0.460281 0.440051 0.276408 0.175205 0.143041 0.404048 0.430715 0.259719 0.23821 0.0890003 0.170435 0.325178 0.603792 0.216222 0.0500389 0.598322 0.125634 0.588943 0.213089 0.161592 0.551983
RSZYD17050395_A 0.0952842 0.459056 0.110709 0 0.181068 0.0526446 0.375465 0.157932 0.104073 0.117496 0.277157 0.251398 0.351668 0.0659028 0.51129 0.0837814 0.314411 0.219803 0.100315 0.196331 0.424116 0.459939 0.543152 0.476608 0.39935 0.216142 0.542721 0.242799 0.418772 0.510802 0.322014 0.513223 0.272945 0.391572 0.437339 0.397845 0.290433 0.129493 0.472275 0.0432919 0.171587 0.300455 0.0785961 0.454583 0.166664 0.183823 0.391676 0.198788 0.364297 0.229095 0.233222 0.369552 0.460283 0.20113 0.198015 0.161311 0.125898 0.0877111 0.129318 0.450042 0.280441 0.392836 0.368637 0.208977 0.0922355 0.0744237 0.327247 0.384139 0.214034 0.214375 0.168295 0.0912147 0.242802 0.563122 0.181919 0.115245 0.573215 0.209919 0.566029 0.157574 0.0978343 0.517766
RSZYD17042796_A 0.209548 0.309858 0.251028 0.181068 0 0.170585 0.349957 0.322743 0.119796 0.249044 0.123512 0.0991631 0.22389 0.15392 0.355543 0.240955 0.161404 0.354321 0.11681 0.155166 0.339322 0.303544 0.378256 0.323728 0.242484 0.36695 0.481863 0.385239 0.270747 0.364517 0.305706 0.372238 0.161871 0.226165 0.325018 0.244917 0.264225 0.26935 0.321436 0.201688 0.318311 0.146272 0.189601 0.340042 0.279098 0.325513 0.375039 0.340371 0.334643 0.129482 0.14586 0.284216 0.306724 0.187537 0.358154 0.174425 0.263786 0.226737 0.122399 0.398783 0.264121 0.376894 0.234861 0.158571 0.162473 0.194365 0.188216 0.218394 0.0692559 0.0660922 0.298742 0.171238 0.108725 0.409105 0.209358 0.256762 0.424689 0.352563 0.415093 0.135293 0.166621 0.365516
RSZYD17042811_A 0.101681 0.436573 0.0981522 0.0526446 0.170585 0 0.349779 0.167542 0.0798969 0.124846 0.250344 0.219802 0.333276 0.0300022 0.477218 0.0912407 0.296355 0.215336 0.0817477 0.177438 0.40345 0.43832 0.520232 0.447841 0.365115 0.217391 0.509402 0.234121 0.38517 0.483491 0.316562 0.483958 0.263559 0.37365 0.420224 0.36691 0.285609 0.133522 0.450717 0.052295 0.175078 0.279385 0.0863256 0.418318 0.188269 0.188584 0.377039 0.189379 0.340894 0.227811 0.211186 0.361717 0.440104 0.205936 0.208012 0.174476 0.119979 0.0855729 0.111889 0.430267 0.2722 0.387093 0.356002 0.191955 0.107469 0.0944183 0.323095 0.371651 0.184831 0.180422 0.165889 0.104763 0.242471 0.542115 0.185664 0.113037 0.547015 0.204257 0.528481 0.136465 0.0823976 0.486824
RSZYD17042795_A 0.4065 0.249075 0.418386 0.375465 0.349957 0.349779 0 0.486426 0.340679 0.449831 0.358775 0.34288 0.159056 0.337078 0.267723 0.421763 0.230665 0.530381 0.347172 0.349704 0.0743375 0.428121 0.532031 0.288337 0.243361 0.536681 0.186646 0.558279 0.288118 0.156299 0.12784 0.190193 0.298296 0.265772 0.238572 0.24965 0.401592 0.457412 0.218585 0.37955 0.499246 0.34671 0.384544 0.12244 0.291929 0.509008 0.0510578 0.509435 0.0551979 0.338488 0.354686 0.114882 0.452816 0.214536 0.536493 0.374856 0.454144 0.396768 0.382679 0.104475 0.115802 0.0519647 0.346697 0.340812 0.362733 0.382352 0.339676 0.382579 0.333208 0.34893 0.501151 0.365208 0.340085 0.31505 0.404809 0.43601 0.216559 0.526825 0.302269 0.338528 0.347154 0.344541
RSZYD17042803_A 0.20021 0.586582 0.112095 0.157932 0.322743 0.167542 0.486426 0 0.225652 0.166529 0.386143 0.364494 0.466262 0.182827 0.626752 0.10054 0.442203 0.115533 0.229149 0.305774 0.546689 0.576836 0.674234 0.596664 0.502137 0.122698 0.643737 0.151132 0.526056 0.631618 0.413081 0.62006 0.3773 0.526633 0.54131 0.512534 0.382509 0.0871224 0.603497 0.129837 0.0778954 0.430178 0.173955 0.556291 0.213984 0.0818977 0.515681 0.0972919 0.488323 0.350164 0.339192 0.496572 0.581961 0.32891 0.107091 0.29789 0.083346 0.146064 0.263504 0.575038 0.399111 0.517515 0.47096 0.313525 0.218002 0.1861 0.465622 0.525667 0.322817 0.319848 0.0819092 0.195089 0.378256 0.696457 0.279563 0.0942315 0.694302 0.117477 0.645857 0.262118 0.201874 0.610035
RSZYD17050358_A 0.133808 0.386592 0.162055 0.104073 0.119796 0.0798969 0.340679 0.225652 0 0.163845 0.209672 0.179583 0.28635 0.0626564 0.424817 0.154449 0.240518 0.26822 0.0380435 0.150111 0.360256 0.385325 0.471072 0.40838 0.311155 0.27415 0.465065 0.296646 0.343483 0.447887 0.303446 0.443316 0.208585 0.323061 0.363612 0.31009 0.260928 0.182228 0.399832 0.102978 0.22244 0.224943 0.095835 0.369595 0.186695 0.228794 0.366314 0.242914 0.327574 0.175354 0.158895 0.305635 0.387805 0.191058 0.273394 0.167519 0.165804 0.125229 0.0695643 0.393101 0.247161 0.369081 0.299357 0.13861 0.0890255 0.098134 0.276425 0.319081 0.142287 0.132545 0.210976 0.0754171 0.201997 0.495308 0.170646 0.173329 0.506739 0.264937 0.482595 0.0978949 0.0685203 0.429873
RSZYD17050362_A 0.133309 0.516593 0.106548 0.117496 0.249044 0.124846 0.449831 0.166529 0.163845 0 0.328355 0.304657 0.42675 0.141683 0.547845 0.102077 0.368164 0.187299 0.169977 0.231634 0.499152 0.474403 0.580426 0.534742 0.452653 0.206322 0.580715 0.222318 0.476865 0.582923 0.350362 0.574551 0.362981 0.44677 0.465239 0.458625 0.30759 0.110464 0.509932 0.099061 0.156487 0.345637 0.133711 0.502059 0.221838 0.152454 0.478025 0.180964 0.4197 0.315931 0.268952 0.457421 0.499122 0.275867 0.209479 0.220155 0.108915 0.129486 0.169865 0.535683 0.371598 0.492724 0.449783 0.283613 0.15862 0.156543 0.392625 0.419273 0.282256 0.25396 0.115818 0.171626 0.335715 0.61586 0.214606 0.113337 0.628889 0.191649 0.606834 0.228431 0.172577 0.558314
RSZYD17042790_A 0.288874 0.255951 0.305661 0.277157 0.123512 0.250344 0.358775 0.386143 0.209672 0.328355 0 0.0622528 0.242052 0.238785 0.307577 0.320074 0.190996 0.369169 0.205004 0.227156 0.355408 0.29202 0.35271 0.286471 0.224718 0.408732 0.476473 0.429312 0.244383 0.357184 0.327844 0.340445 0.187933 0.219065 0.355565 0.225114 0.291158 0.357185 0.327262 0.285734 0.400967 0.146284 0.285523 0.340282 0.330413 0.402591 0.389124 0.405325 0.329081 0.165284 0.196998 0.304417 0.304181 0.257847 0.43365 0.255161 0.352253 0.273715 0.187661 0.412723 0.277913 0.388071 0.2152 0.199716 0.258503 0.277689 0.176419 0.203313 0.0935744 0.113172 0.379247 0.256717 0.118237 0.368192 0.275067 0.323362 0.373089 0.401011 0.371532 0.220367 0.254325 0.334352
RSZYD17050411_A 0.272148 0.233878 0.280019 0.251398 0.0991631 0.219802 0.34288 0.364494 0.179583 0.304657 0.0622528 0 0.222313 0.203417 0.277806 0.29127 0.178996 0.39065 0.184078 0.205051 0.345237 0.262019 0.335709 0.254522 0.191141 0.390054 0.465603 0.412556 0.207109 0.347656 0.314866 0.327349 0.168265 0.201904 0.342513 0.18715 0.290316 0.325992 0.31288 0.25635 0.374156 0.108671 0.259828 0.329519 0.301259 0.370539 0.371952 0.385989 0.325541 0.161177 0.197268 0.29244 0.272817 0.236925 0.410549 0.240949 0.329929 0.269548 0.173802 0.400193 0.264581 0.374954 0.177497 0.185187 0.234843 0.250026 0.171857 0.185185 0.0632847 0.0886159 0.35195 0.233946 0.110251 0.343975 0.256141 0.301857 0.36563 0.38032 0.334848 0.189201 0.225548 0.299002
RSZYD17042770_A 0.392895 0.137643 0.408191 0.351668 0.22389 0.333276 0.159056 0.466262 0.28635 0.42675 0.242052 0.222313 0 0.317807 0.183177 0.395728 0.100312 0.519495 0.293195 0.31789 0.158705 0.304508 0.409149 0.172253 0.107794 0.530224 0.29561 0.55126 0.163771 0.184227 0.213849 0.183586 0.159124 0.151287 0.151208 0.123484 0.379445 0.442014 0.155911 0.354499 0.480969 0.210094 0.347522 0.151561 0.276828 0.49184 0.182887 0.496573 0.179777 0.218856 0.300107 0.0883431 0.325786 0.203339 0.512479 0.341385 0.441483 0.37446 0.302758 0.215053 0.133104 0.180271 0.205809 0.279539 0.331157 0.340584 0.211369 0.260847 0.201359 0.218352 0.47758 0.326992 0.207001 0.254098 0.386054 0.423757 0.248742 0.514961 0.234677 0.27956 0.32109 0.223052
RSZYD17050351_A 0.107209 0.426108 0.124283 0.0659028 0.15392 0.0300022 0.337078 0.182827 0.0626564 0.141683 0.238785 0.203417 0.317807 0 0.462548 0.107614 0.277912 0.231537 0.0648946 0.16186 0.387826 0.423851 0.505524 0.440212 0.351319 0.232696 0.500848 0.256519 0.374696 0.476288 0.315832 0.475442 0.246398 0.359728 0.407161 0.354054 0.277775 0.147294 0.439147 0.069551 0.192611 0.262013 0.0799514 0.406981 0.180109 0.200539 0.366721 0.208237 0.331778 0.207484 0.198354 0.347406 0.421546 0.2029 0.2267 0.166594 0.141132 0.08701 0.0963469 0.420019 0.259477 0.374545 0.337205 0.178877 0.0979908 0.0789255 0.305194 0.35682 0.170285 0.164971 0.179065 0.0925267 0.226395 0.531482 0.177371 0.134491 0.539282 0.226057 0.519998 0.122549 0.0745072 0.473096
RSZYD17050383_A 0.511334 0.0670255 0.536108 0.51129 0.355543 0.477218 0.267723 0.626752 0.424817 0.547845 0.307577 0.277806 0.183177 0.462548 0 0.554903 0.231421 0.650023 0.438288 0.455968 0.206317 0.221566 0.284137 0.112173 0.1505 0.650736 0.250695 0.658167 0.147688 0.142602 0.304751 0.113377 0.317641 0.192335 0.190131 0.148346 0.481562 0.579292 0.106701 0.512091 0.625902 0.27415 0.508854 0.166159 0.44174 0.621839 0.257186 0.631283 0.267022 0.362652 0.419001 0.183811 0.242377 0.354621 0.669543 0.496172 0.577512 0.527969 0.424541 0.235399 0.262462 0.265002 0.238354 0.414934 0.479149 0.504996 0.285986 0.267082 0.319535 0.334296 0.599214 0.477271 0.323985 0.0975833 0.504972 0.568643 0.156006 0.643001 0.08961 0.450521 0.474457 0.11815
RSZYD17042816_A 0.126329 0.50781 0.0765685 0.0837814 0.240955 0.0912407 0.421763 0.10054 0.154449 0.102077 0.320074 0.29127 0.395728 0.107614 0.554903 0 0.370336 0.162104 0.154218 0.251083 0.471487 0.518068 0.591464 0.520713 0.443716 0.163771 0.586118 0.184301 0.459237 0.555457 0.348145 0.554466 0.329151 0.447315 0.499813 0.444217 0.335674 0.0847453 0.532101 0.063041 0.117743 0.356774 0.0969935 0.492567 0.178378 0.137999 0.443693 0.137905 0.414506 0.275513 0.291557 0.417482 0.517068 0.255697 0.129962 0.203837 0.0727903 0.0986143 0.181615 0.500306 0.328915 0.447779 0.407051 0.243525 0.141303 0.106877 0.390489 0.440963 0.257263 0.25713 0.114475 0.130644 0.304468 0.614784 0.228281 0.0581419 0.622597 0.150389 0.608434 0.18846 0.133049 0.564919
RSZYD17042761_A 0.361072 0.196292 0.378831 0.314411 0.161404 0.296355 0.230665 0.442203 0.240518 0.368164 0.190996 0.178996 0.100312 0.277912 0.231421 0.370336 0 0.484601 0.255028 0.256637 0.219903 0.238965 0.37384 0.207957 0.112677 0.498263 0.353174 0.518545 0.141121 0.247976 0.239066 0.242029 0.118328 0.108966 0.183684 0.111318 0.329573 0.401573 0.183136 0.324959 0.432957 0.140053 0.317589 0.214224 0.296692 0.444117 0.257126 0.460825 0.210582 0.177003 0.228978 0.162346 0.274987 0.212988 0.490491 0.294395 0.386034 0.339415 0.256959 0.285206 0.190708 0.262005 0.179333 0.228734 0.273238 0.318653 0.164898 0.218031 0.158619 0.174314 0.431295 0.287915 0.149052 0.293937 0.325739 0.390065 0.309296 0.485337 0.281748 0.254133 0.278716 0.230068
RSZYD17050391_A 0.222744 0.602808 0.13207 0.219803 0.354321 0.215336 0.530381 0.115533 0.26822 0.187299 0.369169 0.39065 0.519495 0.231537 0.650023 0.162104 0.484601 0 0.262744 0.362272 0.582133 0.623798 0.679824 0.619469 0.557717 0.0837546 0.683831 0.104614 0.580144 0.665311 0.45784 0.674774 0.468345 0.552651 0.609463 0.563377 0.425176 0.13269 0.635944 0.194512 0.0679913 0.460656 0.23598 0.601062 0.275952 0.0670196 0.56624 0.0678622 0.502418 0.415511 0.394609 0.551199 0.624329 0.370599 0.0938383 0.340307 0.155137 0.191725 0.270914 0.621297 0.453785 0.573667 0.551315 0.385318 0.280199 0.248322 0.505493 0.53161 0.374236 0.348586 0.111698 0.276721 0.431123 0.711929 0.331258 0.121518 0.715608 0.0738816 0.70482 0.322271 0.272761 0.667175
RSZYD17042797_A 0.128088 0.383027 0.161407 0.100315 0.11681 0.0817477 0.347172 0.229149 0.0380435 0.169977 0.205004 0.184078 0.293195 0.0648946 0.438288 0.154218 0.255028 0.262744 0 0.172877 0.357284 0.395837 0.461771 0.40519 0.316314 0.276336 0.48249 0.295138 0.355351 0.446158 0.318078 0.453969 0.226462 0.318179 0.377356 0.325464 0.276901 0.182168 0.404909 0.114211 0.23091 0.233738 0.099057 0.385756 0.195029 0.244167 0.376616 0.248537 0.329043 0.192878 0.168141 0.313966 0.402199 0.189943 0.269483 0.174092 0.176645 0.134811 0.0626169 0.400285 0.258861 0.379257 0.316544 0.160041 0.109024 0.0974805 0.279528 0.314775 0.153466 0.147003 0.219909 0.103298 0.201293 0.491407 0.194045 0.169536 0.501177 0.263287 0.494908 0.112508 0.0864498 0.435161
RSZYD17050409_A 0.242572 0.423299 0.25551 0.196331 0.155166 0.177438 0.349704 0.305774 0.150111 0.231634 0.227156 0.205051 0.31789 0.16186 0.455968 0.251083 0.256637 0.362272 0.172877 0 0.391746 0.377894 0.484254 0.431564 0.332466 0.378528 0.479773 0.395393 0.363878 0.473403 0.306987 0.466818 0.225802 0.342709 0.327302 0.338951 0.201082 0.283842 0.41623 0.21305 0.316938 0.240109 0.207389 0.392813 0.290339 0.322685 0.375385 0.344523 0.332371 0.199923 0.0891618 0.348498 0.397962 0.21048 0.368144 0.173489 0.235227 0.216246 0.180208 0.425106 0.266922 0.382405 0.327482 0.155644 0.163205 0.200156 0.275943 0.320444 0.174265 0.173987 0.278394 0.1594 0.213063 0.5184 0.134666 0.269763 0.536268 0.362634 0.485747 0.154795 0.172482 0.437801
RSZYD17050397_A 0.459341 0.185996 0.475347 0.424116 0.339322 0.40345 0.0743375 0.546689 0.360256 0.499152 0.355408 0.345237 0.158705 0.387826 0.206317 0.471487 0.219903 0.582133 0.357284 0.391746 0 0.360826 0.464385 0.225209 0.202282 0.595294 0.165581 0.614203 0.229137 0.105199 0.186034 0.133638 0.289838 0.224312 0.171509 0.205182 0.450587 0.508405 0.150422 0.432325 0.55109 0.337861 0.436227 0.0641963 0.352683 0.562309 0.0810993 0.56605 0.106622 0.332262 0.369748 0.0868186 0.38813 0.267072 0.585601 0.415792 0.504055 0.44906 0.372569 0.0809026 0.170373 0.0755054 0.30907 0.356544 0.407878 0.433308 0.328493 0.370219 0.330224 0.345756 0.552828 0.415718 0.32861 0.248324 0.453403 0.485084 0.165167 0.579851 0.242519 0.360722 0.392452 0.277623
RSZYD17050371_A 0.498166 0.23467 0.519812 0.459939 0.303544 0.43832 0.428121 0.576836 0.385325 0.474403 0.29202 0.262019 0.304508 0.423851 0.221566 0.518068 0.238965 0.623798 0.395837 0.377894 0.360826 0 0.213957 0.166872 0.206763 0.643199 0.430106 0.66003 0.166486 0.319432 0.461181 0.287187 0.252833 0.201936 0.248231 0.20128 0.445389 0.54177 0.231847 0.473451 0.575564 0.196311 0.4642 0.325056 0.533378 0.5815 0.418094 0.602357 0.433213 0.321112 0.337492 0.343452 0.112187 0.446169 0.634785 0.401316 0.514556 0.470443 0.391787 0.400442 0.427406 0.430402 0.176802 0.353038 0.400044 0.463418 0.211164 0.191705 0.278801 0.311551 0.558393 0.420788 0.250432 0.22795 0.457432 0.528085 0.35153 0.624644 0.231735 0.392673 0.424347 0.160444
RSZYD17050389_A 0.548972 0.300882 0.579102 0.543152 0.378256 0.520232 0.532031 0.674234 0.471072 0.580426 0.35271 0.335709 0.409149 0.505524 0.284137 0.591464 0.37384 0.679824 0.461771 0.484254 0.464385 0.213957 0 0.253508 0.328473 0.69008 0.49652 0.703163 0.286712 0.396557 0.570812 0.364577 0.394131 0.30952 0.423447 0.325135 0.50681 0.619859 0.367065 0.555925 0.665105 0.303638 0.540303 0.433424 0.633449 0.666539 0.520603 0.674956 0.525442 0.398001 0.42945 0.447689 0.233297 0.540843 0.705145 0.51763 0.608843 0.56999 0.445668 0.497921 0.527022 0.528819 0.294998 0.446234 0.509014 0.541719 0.30783 0.249822 0.371191 0.3838 0.636466 0.515402 0.340194 0.269404 0.546917 0.597269 0.385071 0.67544 0.299686 0.484 0.514663 0.244322
RSZYD17042801_A 0.497721 0.089292 0.508818 0.476608 0.323728 0.447841 0.288337 0.596664 0.40838 0.534742 0.286471 0.254522 0.172253 0.440212 0.112173 0.520713 0.207957 0.619469 0.40519 0.431564 0.225209 0.166872 0.253508 0 0.12665 0.637295 0.325054 0.65424 0.0936427 0.194124 0.340392 0.175713 0.29652 0.157975 0.188429 0.125658 0.485801 0.546304 0.157747 0.485006 0.599447 0.250565 0.486104 0.201467 0.403323 0.599663 0.286206 0.611689 0.298442 0.357436 0.408479 0.213951 0.208945 0.316747 0.629931 0.460115 0.552584 0.497856 0.402405 0.256875 0.286684 0.285115 0.216889 0.408454 0.457232 0.48312 0.268019 0.222115 0.292283 0.325937 0.587882 0.467102 0.281984 0.126004 0.49304 0.527119 0.2199 0.617832 0.128917 0.410204 0.441202 0.0814367
RSZYD17050406_A 0.42698 0.106815 0.44614 0.39935 0.242484 0.365115 0.243361 0.502137 0.311155 0.452653 0.224718 0.191141 0.107794 0.351319 0.1505 0.443716 0.112677 0.557717 0.316314 0.332466 0.202282 0.206763 0.328473 0.12665 0 0.571006 0.323129 0.587077 0.0813531 0.207703 0.285056 0.175457 0.186071 0.0869926 0.171805 0.0305468 0.394271 0.473574 0.159082 0.396352 0.516795 0.170929 0.388613 0.184531 0.345819 0.51881 0.234419 0.533672 0.264157 0.267207 0.311415 0.156597 0.241771 0.259553 0.561221 0.386042 0.453728 0.402035 0.334788 0.262669 0.235062 0.241953 0.139726 0.307823 0.36445 0.378971 0.188649 0.216377 0.206325 0.242938 0.494811 0.355004 0.209309 0.221795 0.40398 0.460337 0.237734 0.55331 0.192204 0.330232 0.356723 0.137293
RSZYD17042817_A 0.226231 0.597103 0.140214 0.216142 0.36695 0.217391 0.536681 0.122698 0.27415 0.206322 0.408732 0.390054 0.530224 0.232696 0.650736 0.163771 0.498263 0.0837546 0.276336 0.378528 0.595294 0.643199 0.69008 0.637295 0.571006 0 0.695428 0.0495914 0.592963 0.679683 0.461571 0.689354 0.459855 0.561611 0.626539 0.562527 0.435684 0.14101 0.655641 0.193149 0.0816777 0.472279 0.243751 0.607716 0.264813 0.0772682 0.566042 0.052214 0.517516 0.408995 0.404169 0.554605 0.629518 0.379583 0.0548207 0.355627 0.16172 0.222357 0.289969 0.622951 0.456799 0.565424 0.55033 0.382792 0.288099 0.245808 0.507669 0.5487 0.376912 0.347974 0.122443 0.272328 0.437395 0.719978 0.344256 0.125279 0.722268 0.0306991 0.715371 0.332383 0.283478 0.677423
RSZYD17042782_A 0.561112 0.298492 0.562483 0.542721 0.481863 0.509402 0.186646 0.643737 0.465065 0.580715 0.476473 0.465603 0.29561 0.500848 0.250695 0.586118 0.353174 0.683831 0.48249 0.479773 0.165581 0.430106 0.49652 0.325054 0.323129 0.695428 0 0.712291 0.356662 0.164956 0.265577 0.172428 0.412888 0.359855 0.261936 0.321848 0.523142 0.613286 0.220259 0.541874 0.656257 0.471045 0.54614 0.161286 0.469139 0.651714 0.16386 0.67067 0.203423 0.475917 0.461421 0.231285 0.466153 0.380804 0.694405 0.534122 0.598368 0.555815 0.491303 0.104544 0.286702 0.164126 0.435336 0.457112 0.521904 0.545815 0.477748 0.489942 0.469765 0.466573 0.623188 0.514858 0.481166 0.284546 0.529993 0.599287 0.149209 0.679088 0.267952 0.482828 0.50578 0.309245
RSZYD17050380_A 0.210163 0.609212 0.156676 0.242799 0.385239 0.234121 0.558279 0.151132 0.296646 0.222318 0.429312 0.412556 0.55126 0.256519 0.658167 0.184301 0.518545 0.104614 0.295138 0.395393 0.614203 0.66003 0.703163 0.65424 0.587077 0.0495914 0.712291 0 0.608573 0.6973 0.4797 0.705168 0.488652 0.584974 0.64341 0.584052 0.446087 0.164997 0.671499 0.220021 0.100765 0.494469 0.26636 0.625068 0.299855 0.102439 0.589284 0.0700275 0.536124 0.427586 0.419327 0.57657 0.651519 0.400972 0.0795963 0.373195 0.182766 0.243925 0.30664 0.644967 0.481752 0.596536 0.579593 0.397755 0.306967 0.272753 0.519459 0.565096 0.399587 0.366084 0.141105 0.296535 0.462533 0.736692 0.360107 0.14659 0.73984 0.0591838 0.731733 0.354945 0.304228 0.695915
RSZYD17050385_A 0.454993 0.117995 0.463101 0.418772 0.270747 0.38517 0.288118 0.526056 0.343483 0.476865 0.244383 0.207109 0.163771 0.374696 0.147688 0.459237 0.141121 0.580144 0.355351 0.363878 0.229137 0.166486 0.286712 0.0936427 0.0813531 0.592963 0.356662 0.608573 0 0.230668 0.334665 0.195677 0.214316 0.11813 0.203386 0.0820339 0.426127 0.487461 0.189389 0.417241 0.535126 0.190657 0.419462 0.217074 0.387102 0.543416 0.279462 0.55538 0.309567 0.289831 0.345426 0.205294 0.1988 0.308297 0.572431 0.397636 0.482818 0.422669 0.354917 0.288048 0.282732 0.28358 0.142516 0.328906 0.378713 0.41625 0.20448 0.183169 0.228281 0.267243 0.527716 0.3912 0.213245 0.201085 0.43237 0.475979 0.269845 0.571619 0.172003 0.344285 0.364533 0.125448
RSZYD17042784_A 0.536061 0.180072 0.552534 0.510802 0.364517 0.483491 0.156299 0.631618 0.447887 0.582923 0.357184 0.347656 0.184227 0.476288 0.142602 0.555457 0.247976 0.665311 0.446158 0.473403 0.105199 0.319432 0.396557 0.194124 0.207703 0.679683 0.164956 0.6973 0.230668 0 0.263186 0.0548424 0.331794 0.237037 0.205183 0.214782 0.523257 0.600568 0.105571 0.518339 0.634911 0.353306 0.516121 0.104743 0.432411 0.653927 0.150531 0.648772 0.188892 0.392016 0.453402 0.162635 0.350344 0.342377 0.662469 0.49908 0.591131 0.537895 0.445676 0.124699 0.251713 0.148136 0.319218 0.446028 0.500353 0.518318 0.340142 0.366762 0.334838 0.371826 0.631009 0.50265 0.340323 0.183528 0.537443 0.573319 0.086828 0.662971 0.18102 0.451196 0.486411 0.220529
RSZYD17050408_A 0.307783 0.297829 0.34265 0.322014 0.305706 0.316562 0.12784 0.413081 0.303446 0.350362 0.327844 0.314866 0.213849 0.315832 0.304751 0.348145 0.239066 0.45784 0.318078 0.306987 0.186034 0.461181 0.570812 0.340392 0.285056 0.461571 0.265577 0.4797 0.334665 0.263186 0 0.259849 0.280413 0.299573 0.277065 0.278169 0.310599 0.365348 0.256702 0.312028 0.420246 0.339175 0.30053 0.185869 0.22661 0.425729 0.151936 0.434373 0.106563 0.315791 0.293788 0.175029 0.497065 0.156513 0.461772 0.332307 0.364806 0.321079 0.348772 0.211533 0.107073 0.162242 0.390423 0.304496 0.304216 0.310131 0.39006 0.414106 0.308846 0.316476 0.397622 0.302216 0.325588 0.360129 0.330232 0.359852 0.316341 0.449841 0.346279 0.325598 0.313166 0.386838
RSZYD17050387_A 0.549858 0.160972 0.557553 0.513223 0.372238 0.483958 0.190193 0.62006 0.443316 0.574551 0.340445 0.327349 0.183586 0.475442 0.113377 0.554466 0.242029 0.674774 0.453969 0.466818 0.133638 0.287187 0.364577 0.175713 0.175457 0.689354 0.172428 0.705168 0.195677 0.0548424 0.259849 0 0.322607 0.218179 0.199589 0.182587 0.524675 0.597009 0.101175 0.511866 0.628566 0.324677 0.515333 0.100568 0.437101 0.646883 0.183119 0.646705 0.210278 0.386204 0.447065 0.16156 0.317649 0.3571 0.66468 0.501965 0.583684 0.529519 0.453017 0.161068 0.255928 0.182929 0.282207 0.435428 0.491221 0.515887 0.319439 0.349941 0.325794 0.370062 0.626379 0.492539 0.326459 0.15154 0.532446 0.580714 0.0843069 0.669224 0.134773 0.45031 0.475781 0.173582
RSZYD17042774_A 0.333637 0.277253 0.352573 0.272945 0.161871 0.263559 0.298296 0.3773 0.208585 0.362981 0.187933 0.168265 0.159124 0.246398 0.317641 0.329151 0.118328 0.468345 0.226462 0.225802 0.289838 0.252833 0.394131 0.29652 0.186071 0.459855 0.412888 0.488652 0.214316 0.331794 0.280413 0.322607 0 0.19439 0.242022 0.17502 0.289332 0.364473 0.280054 0.280362 0.416355 0.133281 0.274844 0.27616 0.315123 0.419907 0.314492 0.439223 0.281309 0.13662 0.200839 0.216054 0.291242 0.254475 0.450916 0.262022 0.335574 0.289922 0.239341 0.346444 0.215264 0.310698 0.161258 0.17475 0.248053 0.260325 0.179316 0.251225 0.145755 0.159472 0.391111 0.230751 0.121646 0.383255 0.297311 0.354037 0.392961 0.453315 0.348097 0.211477 0.241867 0.290948
RSZYD17042789_A 0.412208 0.144924 0.447009 0.391572 0.226165 0.37365 0.265772 0.526633 0.323061 0.44677 0.219065 0.201904 0.151287 0.359728 0.192335 0.447315 0.108966 0.552651 0.318179 0.342709 0.224312 0.201936 0.30952 0.157975 0.0869926 0.561611 0.359855 0.584974 0.11813 0.237037 0.299573 0.218179 0.19439 0 0.206006 0.0724712 0.391281 0.465247 0.178137 0.404658 0.520291 0.170887 0.386382 0.21686 0.367668 0.524711 0.261395 0.541219 0.265137 0.259466 0.29528 0.182851 0.246777 0.27175 0.567391 0.385329 0.463828 0.424188 0.321597 0.288339 0.261205 0.265291 0.151603 0.315125 0.364123 0.397586 0.170414 0.193544 0.21966 0.250638 0.505234 0.372394 0.193388 0.229975 0.414046 0.454813 0.262985 0.549336 0.244345 0.334988 0.363239 0.187806
RSZYD17042810_A 0.482092 0.172335 0.497818 0.437339 0.325018 0.420224 0.238572 0.54131 0.363612 0.465239 0.355565 0.342513 0.151208 0.407161 0.190131 0.499813 0.183684 0.609463 0.377356 0.327302 0.171509 0.248231 0.423447 0.188429 0.171805 0.626539 0.261936 0.64341 0.203386 0.205183 0.277065 0.199589 0.242022 0.206006 0 0.170994 0.395158 0.517308 0.119146 0.451199 0.561066 0.303581 0.449246 0.144683 0.386658 0.559006 0.234555 0.586687 0.247526 0.318133 0.301136 0.152952 0.312555 0.292792 0.612855 0.403931 0.477885 0.453274 0.380748 0.212772 0.234783 0.241247 0.27901 0.354184 0.395597 0.449606 0.297575 0.34867 0.32539 0.335375 0.532263 0.406202 0.308962 0.255055 0.395362 0.516697 0.263363 0.610721 0.209198 0.383584 0.398374 0.201086
RSZYD17050403_A 0.427749 0.105096 0.449066 0.397845 0.244917 0.36691 0.24965 0.512534 0.31009 0.458625 0.225114 0.18715 0.123484 0.354054 0.148346 0.444217 0.111318 0.563377 0.325464 0.338951 0.205182 0.20128 0.325135 0.125658 0.0305468 0.562527 0.321848 0.584052 0.0820339 0.214782 0.278169 0.182587 0.17502 0.0724712 0.170994 0 0.399987 0.473412 0.154905 0.395762 0.522148 0.171579 0.389768 0.185231 0.343727 0.523763 0.240004 0.537387 0.256166 0.270634 0.317505 0.158118 0.238368 0.261269 0.563601 0.391517 0.454155 0.410031 0.337294 0.264018 0.238074 0.24246 0.128524 0.306522 0.367002 0.389679 0.195954 0.211374 0.216119 0.251143 0.500749 0.357339 0.214012 0.216337 0.410538 0.458613 0.239601 0.552232 0.193949 0.337077 0.358789 0.141374
RSZYD17042767_A 0.26126 0.44992 0.319463 0.290433 0.264225 0.285609 0.401592 0.382509 0.260928 0.30759 0.291158 0.290316 0.379445 0.277775 0.481562 0.335674 0.329573 0.425176 0.276901 0.201082 0.450587 0.445389 0.50681 0.485801 0.394271 0.435684 0.523142 0.446087 0.426127 0.523257 0.310599 0.524675 0.289332 0.391281 0.395158 0.399987 0 0.350268 0.480655 0.291584 0.395915 0.305443 0.267903 0.443088 0.376954 0.391941 0.424847 0.408349 0.369257 0.25439 0.168943 0.406443 0.458308 0.272067 0.449446 0.28103 0.312777 0.296114 0.277017 0.486271 0.321018 0.443362 0.389989 0.237387 0.255523 0.28454 0.339116 0.361682 0.281543 0.26644 0.342545 0.239228 0.283271 0.562471 0.221187 0.348665 0.578457 0.425451 0.531948 0.28647 0.271823 0.48622
RSZYD17042763_A 0.142519 0.542689 0.0851849 0.129493 0.26935 0.133522 0.457412 0.0871224 0.182228 0.110464 0.357185 0.325992 0.442014 0.147294 0.579292 0.0847453 0.401573 0.13269 0.182168 0.283842 0.508405 0.54177 0.619859 0.546304 0.473574 0.14101 0.613286 0.164997 0.487461 0.600568 0.365348 0.597009 0.364473 0.465247 0.517308 0.473412 0.350268 0 0.547595 0.101177 0.0975763 0.379984 0.144893 0.521648 0.198799 0.0877072 0.486342 0.110716 0.444061 0.324952 0.30797 0.469448 0.538457 0.285398 0.142526 0.279015 0.06821 0.143795 0.21285 0.544804 0.380356 0.495601 0.459082 0.303595 0.192456 0.154065 0.41707 0.46179 0.292978 0.279036 0.0784127 0.189381 0.333778 0.648652 0.259901 0.0692342 0.655361 0.130072 0.630485 0.244963 0.17766 0.584672
RSZYD17050405_A 0.510438 0.141541 0.523908 0.472275 0.321436 0.450717 0.218585 0.603497 0.399832 0.509932 0.327262 0.31288 0.155911 0.439147 0.106701 0.532101 0.183136 0.635944 0.404909 0.41623 0.150422 0.231847 0.367065 0.157747 0.159082 0.655641 0.220259 0.671499 0.189389 0.105571 0.256702 0.101175 0.280054 0.178137 0.119146 0.154905 0.480655 0.547595 0 0.486237 0.597817 0.270748 0.479431 0.126559 0.420812 0.600559 0.213736 0.61942 0.221753 0.35084 0.38609 0.128407 0.269293 0.328373 0.64427 0.446109 0.550042 0.503077 0.407073 0.191229 0.233185 0.220729 0.265473 0.398922 0.433731 0.478773 0.272049 0.31988 0.304722 0.332024 0.584367 0.455699 0.288454 0.153542 0.482379 0.544424 0.154999 0.63807 0.15025 0.416666 0.440579 0.170332
RSZYD17042798_A 0.0927887 0.468411 0.0811871 0.0432919 0.201688 0.052295 0.37955 0.129837 0.102978 0.099061 0.285734 0.25635 0.354499 0.069551 0.512091 0.063041 0.324959 0.194512 0.114211 0.21305 0.432325 0.473451 0.555925 0.485006 0.396352 0.193149 0.541874 0.220021 0.417241 0.518339 0.312028 0.511866 0.280362 0.404658 0.451199 0.395762 0.291584 0.101177 0.486237 0 0.147555 0.315068 0.0646759 0.451046 0.170543 0.160019 0.399443 0.163936 0.374943 0.242164 0.248077 0.376419 0.475076 0.208107 0.181062 0.192465 0.0907483 0.0783947 0.144148 0.45845 0.285072 0.401816 0.370681 0.21329 0.110417 0.0780205 0.352565 0.405053 0.211781 0.211002 0.145143 0.0964907 0.266292 0.578619 0.190572 0.0936335 0.584243 0.186549 0.563959 0.157413 0.0996247 0.517999
RSZYD17042793_A 0.202561 0.588256 0.114053 0.171587 0.318311 0.175078 0.499246 0.0778954 0.22244 0.156487 0.400967 0.374156 0.480969 0.192611 0.625902 0.117743 0.432957 0.0679913 0.23091 0.316938 0.55109 0.575564 0.665105 0.599447 0.516795 0.0816777 0.656257 0.100765 0.535126 0.634911 0.420246 0.628566 0.416355 0.520291 0.561066 0.522148 0.395915 0.0975763 0.597817 0.147555 0 0.419119 0.194064 0.564218 0.243817 0.0362969 0.526075 0.0354261 0.490675 0.365286 0.351591 0.506172 0.578781 0.334147 0.0677454 0.302309 0.109532 0.180456 0.253547 0.583551 0.417221 0.536293 0.499573 0.329521 0.228413 0.208277 0.45839 0.509673 0.330386 0.326615 0.0826069 0.223959 0.381154 0.692298 0.297915 0.0956115 0.702082 0.0644746 0.678232 0.285914 0.223897 0.634615
RSZYD17042809_A 0.337501 0.231454 0.355944 0.300455 0.146272 0.279385 0.34671 0.430178 0.224943 0.345637 0.146284 0.108671 0.210094 0.262013 0.27415 0.356774 0.140053 0.460656 0.233738 0.240109 0.337861 0.196311 0.303638 0.250565 0.170929 0.472279 0.471045 0.494469 0.190657 0.353306 0.339175 0.324677 0.133281 0.170887 0.303581 0.171579 0.305443 0.379984 0.270748 0.315068 0.419119 0 0.302046 0.324093 0.395317 0.417068 0.377804 0.444725 0.325904 0.160878 0.202936 0.279628 0.183992 0.31482 0.481011 0.264967 0.375848 0.323411 0.235217 0.40609 0.283735 0.381849 0.147024 0.203759 0.252608 0.297916 0.107889 0.155049 0.126911 0.152493 0.41276 0.27261 0.0877098 0.331199 0.308368 0.360794 0.372987 0.460058 0.321175 0.223582 0.265901 0.263737
RSZYD17050349_A 0.0885393 0.465538 0.128424 0.0785961 0.189601 0.0863256 0.384544 0.173955 0.095835 0.133711 0.285523 0.259828 0.347522 0.0799514 0.508854 0.0969935 0.317589 0.23598 0.099057 0.207389 0.436227 0.4642 0.540303 0.486104 0.388613 0.243751 0.54614 0.26636 0.419462 0.516121 0.30053 0.515333 0.274844 0.386382 0.449246 0.389768 0.267903 0.144893 0.479431 0.0646759 0.194064 0.302046 0 0.451656 0.17514 0.208037 0.405058 0.211436 0.373929 0.220579 0.226333 0.372112 0.469698 0.191869 0.224096 0.167644 0.133116 0.0857105 0.138921 0.46268 0.281022 0.41279 0.341731 0.184243 0.0857873 0.0586372 0.349262 0.387924 0.213061 0.212733 0.184814 0.0668682 0.264515 0.575949 0.190999 0.139861 0.584121 0.233305 0.563725 0.13987 0.0838945 0.511199
RSZYD17042775_A 0.470392 0.165353 0.489158 0.454583 0.340042 0.418318 0.12244 0.556291 0.369595 0.502059 0.340282 0.329519 0.151561 0.406981 0.166159 0.492567 0.214224 0.601062 0.385756 0.392813 0.0641963 0.325056 0.433424 0.201467 0.184531 0.607716 0.161286 0.625068 0.217074 0.104743 0.185869 0.100568 0.27616 0.21686 0.144683 0.185231 0.443088 0.521648 0.126559 0.451046 0.564218 0.324093 0.451656 0 0.379072 0.56526 0.117153 0.576704 0.135301 0.32011 0.365097 0.100423 0.343694 0.295975 0.612728 0.439687 0.512296 0.458877 0.380055 0.10577 0.198074 0.121627 0.29628 0.363892 0.422259 0.44803 0.326709 0.355099 0.321979 0.323445 0.551717 0.419387 0.334578 0.219905 0.451935 0.502084 0.15814 0.588648 0.201484 0.385725 0.413495 0.240545
RSZYD17042786_A 0.20207 0.387709 0.221692 0.166664 0.279098 0.188269 0.291929 0.213984 0.186695 0.221838 0.330413 0.301259 0.276828 0.180109 0.44174 0.178378 0.296692 0.275952 0.195029 0.290339 0.352683 0.533378 0.633449 0.403323 0.345819 0.264813 0.469139 0.299855 0.387102 0.432411 0.22661 0.437101 0.315123 0.367668 0.386658 0.343727 0.376954 0.198799 0.420812 0.170543 0.243817 0.395317 0.17514 0.379072 0 0.255554 0.316398 0.259167 0.291565 0.315007 0.334045 0.300275 0.555679 0.131557 0.267027 0.259381 0.198276 0.168463 0.229209 0.376099 0.201639 0.310918 0.428407 0.293942 0.194129 0.16245 0.423991 0.481893 0.277539 0.276777 0.244629 0.179598 0.334854 0.504177 0.271808 0.197807 0.497889 0.269165 0.489864 0.230163 0.181565 0.45125
RSZYD17050357_A 0.202548 0.584652 0.112803 0.183823 0.325513 0.188584 0.509008 0.0818977 0.228794 0.152454 0.402591 0.370539 0.49184 0.200539 0.621839 0.137999 0.444117 0.0670196 0.244167 0.322685 0.562309 0.5815 0.666539 0.599663 0.51881 0.0772682 0.651714 0.102439 0.543416 0.653927 0.425729 0.646883 0.419907 0.524711 0.559006 0.523763 0.391941 0.0877072 0.600559 0.160019 0.0362969 0.417068 0.208037 0.56526 0.255554 0 0.540411 0.0558798 0.48588 0.37381 0.353781 0.522386 0.575899 0.350359 0.0919178 0.321571 0.116876 0.18365 0.254921 0.599748 0.431336 0.548306 0.505983 0.344093 0.237672 0.216017 0.470686 0.514151 0.342959 0.31573 0.0708243 0.229133 0.39062 0.691589 0.290123 0.10653 0.700143 0.0677962 0.66481 0.293575 0.230935 0.623762
RSZYD17050390_A 0.430122 0.244444 0.455426 0.391676 0.375039 0.377039 0.0510578 0.515681 0.366314 0.478025 0.389124 0.371952 0.182887 0.366721 0.257186 0.443693 0.257126 0.56624 0.376616 0.375385 0.0810993 0.418094 0.520603 0.286206 0.234419 0.566042 0.16386 0.589284 0.279462 0.150531 0.151936 0.183119 0.314492 0.261395 0.234555 0.240004 0.424847 0.486342 0.213736 0.399443 0.526075 0.377804 0.405058 0.117153 0.316398 0.540411 0 0.542279 0.0930465 0.357153 0.378901 0.121437 0.444779 0.243299 0.557711 0.38989 0.483611 0.423605 0.407577 0.072307 0.150368 0.021265 0.336567 0.358358 0.378687 0.395018 0.363985 0.401462 0.357326 0.379284 0.526356 0.378584 0.362191 0.306453 0.432543 0.465631 0.195344 0.55543 0.305312 0.367726 0.370585 0.344315
RSZYD17050382_A 0.201902 0.589059 0.124144 0.198788 0.340371 0.189379 0.509435 0.0972919 0.242914 0.180964 0.405325 0.385989 0.496573 0.208237 0.631283 0.137905 0.460825 0.0678622 0.248537 0.344523 0.56605 0.602357 0.674956 0.611689 0.533672 0.052214 0.67067 0.0700275 0.55538 0.648772 0.434373 0.646705 0.439223 0.541219 0.586687 0.537387 0.408349 0.110716 0.61942 0.163936 0.0354261 0.444725 0.211436 0.576704 0.259167 0.0558798 0.542279 0 0.499584 0.381125 0.369274 0.528513 0.598134 0.351038 0.0570966 0.327723 0.129583 0.198654 0.274647 0.601883 0.430661 0.55116 0.523238 0.349148 0.254551 0.225734 0.476596 0.533787 0.344877 0.327025 0.105185 0.244426 0.411784 0.710027 0.322042 0.105086 0.711618 0.038749 0.691946 0.302368 0.247752 0.653115
RSZYD17050381_A 0.384544 0.245846 0.396659 0.364297 0.334643 0.340894 0.0551979 0.488323 0.327574 0.4197 0.329081 0.325541 0.179777 0.331778 0.267022 0.414506 0.210582 0.502418 0.329043 0.332371 0.106622 0.433213 0.525442 0.298442 0.264157 0.517516 0.203423 0.536124 0.309567 0.188892 0.106563 0.210278 0.281309 0.265137 0.247526 0.256166 0.369257 0.444061 0.221753 0.374943 0.490675 0.325904 0.373929 0.135301 0.291565 0.48588 0.0930465 0.499584 0 0.329905 0.332248 0.135783 0.462957 0.201638 0.524143 0.356839 0.442091 0.393395 0.341219 0.142519 0.109044 0.0925861 0.360492 0.326581 0.353763 0.374808 0.351183 0.370778 0.330619 0.328437 0.472065 0.357199 0.33125 0.308023 0.378131 0.421769 0.229984 0.503015 0.309355 0.335546 0.339688 0.350334
RSZYD17050399_A 0.273267 0.323346 0.312216 0.229095 0.129482 0.227811 0.338488 0.350164 0.175354 0.315931 0.165284 0.161177 0.218856 0.207484 0.362652 0.275513 0.177003 0.415511 0.192878 0.199923 0.332262 0.321112 0.398001 0.357436 0.267207 0.408995 0.475917 0.427586 0.289831 0.392016 0.315791 0.386204 0.13662 0.259466 0.318133 0.270634 0.25439 0.324952 0.35084 0.242164 0.365286 0.160878 0.220579 0.32011 0.315007 0.37381 0.357153 0.381125 0.329905 0 0.159843 0.258603 0.312252 0.258283 0.404464 0.182821 0.320537 0.259759 0.191852 0.3901 0.237986 0.352596 0.192688 0.116639 0.178483 0.213892 0.16114 0.255556 0.125793 0.13036 0.370181 0.178264 0.107618 0.441862 0.265094 0.316956 0.457471 0.407058 0.436199 0.154152 0.18897 0.384767
RSZYD17042765_A 0.244578 0.386104 0.290352 0.233222 0.14586 0.211186 0.354686 0.339192 0.158895 0.268952 0.196998 0.197268 0.300107 0.198354 0.419001 0.291557 0.228978 0.394609 0.168141 0.0891618 0.369748 0.337492 0.42945 0.408479 0.311415 0.404169 0.461421 0.419327 0.345426 0.453402 0.293788 0.447065 0.200839 0.29528 0.301136 0.317505 0.168943 0.30797 0.38609 0.248077 0.351591 0.202936 0.226333 0.365097 0.334045 0.353781 0.378901 0.369274 0.332248 0.159843 0 0.326127 0.351291 0.234268 0.409309 0.205734 0.263451 0.24802 0.18792 0.410426 0.271768 0.388899 0.30046 0.121655 0.183897 0.236314 0.224706 0.281936 0.172493 0.170206 0.314706 0.187414 0.179422 0.486967 0.169448 0.302695 0.510604 0.391494 0.458749 0.181791 0.203668 0.4084
RSZYD17050360_A 0.418396 0.162885 0.439387 0.369552 0.284216 0.361717 0.114882 0.496572 0.305635 0.457421 0.304417 0.29244 0.0883431 0.347406 0.183811 0.417482 0.162346 0.551199 0.313966 0.348498 0.0868186 0.343452 0.447689 0.213951 0.156597 0.554605 0.231285 0.57657 0.205294 0.162635 0.175029 0.16156 0.216054 0.182851 0.152952 0.158118 0.406443 0.469448 0.128407 0.376419 0.506172 0.279628 0.372112 0.100423 0.300275 0.522386 0.121437 0.528513 0.135783 0.258603 0.326127 0 0.367682 0.222265 0.533556 0.365393 0.455281 0.405584 0.325674 0.146547 0.110979 0.112389 0.243165 0.298041 0.355455 0.372323 0.276997 0.313316 0.278887 0.29997 0.508194 0.347657 0.269371 0.227857 0.408456 0.452396 0.221082 0.543592 0.230643 0.313641 0.343033 0.255621
