RSZYD17042756_A RSZYD17042799_A RSZYD17042762_A RSZYD17050395_A RSZYD17042796_A RSZYD17042811_A RSZYD17042795_A RSZYD17042803_A RSZYD17050358_A RSZYD17050362_A RSZYD17042790_A RSZYD17050411_A RSZYD17042770_A RSZYD17050351_A RSZYD17050383_A RSZYD17042816_A RSZYD17042761_A RSZYD17050391_A RSZYD17042797_A RSZYD17050409_A RSZYD17050397_A RSZYD17050371_A RSZYD17050389_A RSZYD17042801_A RSZYD17050406_A RSZYD17042817_A RSZYD17042782_A RSZYD17050380_A RSZYD17050385_A RSZYD17042784_A RSZYD17050408_A RSZYD17050387_A RSZYD17042774_A RSZYD17042789_A RSZYD17042810_A RSZYD17050403_A RSZYD17042767_A RSZYD17042763_A RSZYD17050405_A RSZYD17042798_A RSZYD17042793_A RSZYD17042809_A RSZYD17050349_A RSZYD17042775_A RSZYD17042786_A RSZYD17050357_A RSZYD17050390_A RSZYD17050382_A RSZYD17050381_A RSZYD17050399_A RSZYD17042765_A RSZYD17050360_A RSZYD17050402_A RSZYD17042777_A RSZYD17042805_A RSZYD17050356_A RSZYD17050368_A RSZYD17042771_A RSZYD17042768_A RSZYD17042773_A RSZYD17050376_A RSZYD17050377_A RSZYD17050354_A RSZYD17042780_A RSZYD17050370_A RSZYD17042778_A RSZYD17042760_A RSZYD17050363_A RSZYD17042757_A RSZYD17050350_A RSZYD17050359_A RSZYD17050355_A RSZYD17050348_A RSZYD17042769_A RSZYD17042759_A RSZYD17050384_A RSZYD17050369_A RSZYD17042821_A RSZYD17042822_A RSZYD17042776_A RSZYD17050361_A RSZYD17050374_A
RSZYD17042756_A 0 0.330651 0.283299 0.182809 0.181678 0.360144 0.344276 0.450551 0.141009 0.204254 0.278061 0.269921 0.3298 0.342145 0.364395 0.4383 0.314547 0.491328 0.183204 0.346019 0.321061 0.360396 0.381193 0.357974 0.351111 0.490281 0.42635 0.475089 0.332097 0.386658 0.339995 0.393179 0.255945 0.279778 0.336375 0.302686 0.364732 0.410691 0.353041 0.335782 0.489219 0.304259 0.387651 0.344053 0.432769 0.464952 0.369224 0.483795 0.355876 0.235664 0.227451 0.325645 0.358109 0.213595 0.531314 0.353376 0.412482 0.288113 0.223191 0.356418 0.255342 0.36202 0.328242 0.373821 0.338045 0.338093 0.295072 0.325565 0.290354 0.260782 0.611744 0.315495 0.271116 0.413536 0.492248 0.43928 0.4174 0.526722 0.408331 0.336159 0.375133 0.393237
RSZYD17042799_A 0.330651 0 0.40685 0.360143 0.23892 0.441504 0.279858 0.570756 0.26608 0.405422 0.307341 0.274268 0.15205 0.42889 0.0639563 0.531671 0.215315 0.605589 0.33015 0.440056 0.230956 0.22382 0.248531 0.21024 0.130545 0.609105 0.281707 0.619687 0.217224 0.129195 0.285199 0.126572 0.274982 0.191178 0.19719 0.137105 0.486636 0.54143 0.161638 0.458796 0.595103 0.213576 0.477 0.174597 0.401365 0.583235 0.296523 0.596284 0.297172 0.336676 0.35209 0.158568 0.237589 0.241071 0.620175 0.429151 0.525337 0.419999 0.35893 0.244936 0.200188 0.255393 0.222571 0.413371 0.418533 0.453869 0.280237 0.234283 0.298429 0.310842 0.613526 0.432578 0.313722 0.117675 0.490378 0.520764 0.118977 0.610788 0.118962 0.420269 0.458546 0.133553
RSZYD17042762_A 0.283299 0.40685 0 0.220749 0.266895 0.177844 0.336118 0.255548 0.29008 0.212161 0.266828 0.245409 0.408754 0.168404 0.448083 0.349368 0.379394 0.281232 0.223453 0.291353 0.390423 0.444991 0.472281 0.415764 0.408055 0.424992 0.473788 0.337764 0.376765 0.465404 0.375536 0.471077 0.312547 0.353001 0.418519 0.381737 0.274238 0.246595 0.429906 0.188758 0.258882 0.358445 0.21553 0.43196 0.245455 0.327706 0.380545 0.257038 0.314121 0.273247 0.247289 0.403173 0.448562 0.326281 0.301172 0.301686 0.237345 0.211082 0.375444 0.420195 0.344905 0.39077 0.377978 0.420846 0.297349 0.227011 0.363099 0.412462 0.35951 0.310971 0.544519 0.227186 0.291099 0.492557 0.437333 0.247226 0.490732 0.327584 0.485261 0.221298 0.255181 0.465873
RSZYD17050395_A 0.182809 0.360143 0.220749 0 0.154434 0.273324 0.315106 0.312552 0.18772 0.242432 0.290556 0.228872 0.328527 0.272227 0.406371 0.311007 0.285874 0.436478 0.136531 0.28267 0.322222 0.360899 0.417714 0.363498 0.342925 0.394037 0.428853 0.449343 0.318559 0.403624 0.337138 0.406154 0.213193 0.292887 0.35335 0.308659 0.407356 0.313447 0.372252 0.219268 0.395266 0.28597 0.338949 0.369683 0.352965 0.362313 0.324274 0.410053 0.35074 0.172917 0.21016 0.311111 0.380722 0.219714 0.418355 0.234 0.310121 0.17074 0.294304 0.34436 0.232305 0.3165 0.284808 0.359806 0.230865 0.217213 0.278716 0.356723 0.279711 0.245609 0.569391 0.199331 0.190871 0.437615 0.434534 0.345008 0.44313 0.443809 0.436407 0.219166 0.24646 0.412666
RSZYD17042796_A 0.181678 0.23892 0.266895 0.154434 0 0.346306 0.348227 0.413124 0.110061 0.284161 0.210222 0.160106 0.271162 0.321718 0.28595 0.417381 0.227514 0.474644 0.16183 0.326334 0.304581 0.248627 0.297851 0.247077 0.240667 0.481745 0.426103 0.499153 0.217853 0.294102 0.333611 0.299824 0.176027 0.199052 0.29001 0.20167 0.417598 0.383982 0.271496 0.296539 0.471799 0.192727 0.384413 0.309321 0.41222 0.439908 0.361919 0.486048 0.377395 0.193939 0.215815 0.274335 0.265798 0.231585 0.504506 0.32373 0.373 0.256513 0.256496 0.338881 0.251755 0.334575 0.199655 0.375778 0.299418 0.302507 0.197604 0.237545 0.186517 0.191165 0.589078 0.279011 0.166284 0.316669 0.467333 0.4254 0.324875 0.518445 0.317372 0.305787 0.341065 0.291904
RSZYD17042811_A 0.360144 0.441504 0.177844 0.273324 0.346306 0 0.34253 0.19467 0.352436 0.27502 0.278922 0.262912 0.444412 0.0637002 0.468622 0.336549 0.380318 0.290798 0.264481 0.294124 0.386522 0.427041 0.462319 0.410985 0.404506 0.43106 0.491044 0.363851 0.364933 0.458548 0.450902 0.453254 0.315576 0.353717 0.405651 0.368465 0.252354 0.24816 0.423385 0.201767 0.257956 0.358194 0.186963 0.452747 0.243855 0.328173 0.375761 0.282886 0.321142 0.284531 0.254544 0.429158 0.424034 0.377633 0.313468 0.253406 0.217671 0.25522 0.425685 0.413153 0.393939 0.423859 0.351383 0.382645 0.285458 0.259486 0.355272 0.469806 0.364046 0.322044 0.583802 0.214389 0.319488 0.480714 0.480391 0.210691 0.483715 0.270292 0.473401 0.183817 0.2088 0.449507
RSZYD17042795_A 0.344276 0.279858 0.336118 0.315106 0.348227 0.34253 0 0.434527 0.358627 0.343559 0.332947 0.307847 0.265413 0.317579 0.276017 0.417669 0.29445 0.495153 0.308605 0.339924 0.0718908 0.417146 0.462813 0.356921 0.324966 0.509355 0.198317 0.528453 0.335839 0.204348 0.208376 0.224892 0.286 0.240116 0.228716 0.255286 0.402049 0.431576 0.196008 0.332608 0.469156 0.402984 0.366969 0.182465 0.272513 0.475335 0.0902444 0.482999 0.0844528 0.303344 0.312893 0.206044 0.436338 0.228199 0.499717 0.341073 0.418198 0.332961 0.419799 0.100743 0.184485 0.110655 0.357635 0.400682 0.360428 0.34177 0.3594 0.460695 0.352576 0.344765 0.614757 0.322808 0.331015 0.303594 0.490967 0.424853 0.205037 0.517433 0.284006 0.296591 0.337507 0.331993
RSZYD17042803_A 0.450551 0.570756 0.255548 0.312552 0.413124 0.19467 0.434527 0 0.446727 0.393064 0.338762 0.32532 0.540039 0.232677 0.59736 0.31256 0.495575 0.214795 0.326185 0.378378 0.49094 0.557612 0.597007 0.534561 0.529435 0.350155 0.611542 0.28191 0.480127 0.56988 0.516933 0.561225 0.373341 0.461962 0.509747 0.476842 0.321499 0.167507 0.549626 0.197407 0.191895 0.489361 0.229049 0.566385 0.207168 0.220391 0.458957 0.223326 0.431988 0.324195 0.335762 0.534416 0.550172 0.48363 0.275285 0.354374 0.168543 0.240577 0.559224 0.52085 0.492918 0.482748 0.439976 0.48308 0.365501 0.252347 0.447225 0.589843 0.409082 0.370271 0.543334 0.221701 0.366059 0.619496 0.546185 0.227534 0.617923 0.234902 0.580009 0.287696 0.282025 0.566968
RSZYD17050358_A 0.141009 0.26608 0.29008 0.18772 0.110061 0.352436 0.358627 0.446727 0 0.234074 0.22892 0.201709 0.253714 0.332373 0.297912 0.434505 0.216798 0.501471 0.179757 0.328888 0.31807 0.256487 0.318693 0.277883 0.243393 0.498309 0.419845 0.522559 0.246309 0.315077 0.341593 0.309138 0.177482 0.218653 0.271013 0.207415 0.417708 0.419148 0.262868 0.332104 0.487202 0.20213 0.376892 0.290672 0.431588 0.453781 0.373051 0.496846 0.373171 0.221646 0.230108 0.270339 0.272149 0.21972 0.538282 0.350226 0.406189 0.27624 0.207217 0.344171 0.229111 0.351286 0.215145 0.349454 0.308841 0.333369 0.225299 0.255455 0.211845 0.210019 0.586473 0.29665 0.194839 0.338067 0.468106 0.446214 0.343868 0.539817 0.324719 0.323598 0.352848 0.300294
RSZYD17050362_A 0.204254 0.405422 0.212161 0.242432 0.284161 0.27502 0.343559 0.393064 0.234074 0 0.277358 0.290086 0.393473 0.259771 0.423108 0.429925 0.369595 0.436388 0.247511 0.325471 0.389896 0.398053 0.438542 0.413458 0.40438 0.503733 0.448595 0.462685 0.380673 0.455438 0.379619 0.451082 0.328239 0.337039 0.38768 0.365383 0.312594 0.363828 0.401019 0.290923 0.415368 0.372292 0.313457 0.407637 0.369753 0.42909 0.389507 0.431494 0.319785 0.318737 0.257368 0.391639 0.421949 0.276859 0.453324 0.302102 0.348147 0.271776 0.275251 0.412356 0.31728 0.433009 0.392024 0.40486 0.352168 0.340421 0.3775 0.38756 0.37537 0.348046 0.605357 0.292276 0.34996 0.468941 0.482424 0.366695 0.474916 0.455001 0.462431 0.267749 0.327618 0.441296
RSZYD17042790_A 0.278061 0.307341 0.266828 0.290556 0.210222 0.278922 0.332947 0.338762 0.22892 0.277358 0 0.103318 0.333163 0.262592 0.331208 0.429557 0.301941 0.364052 0.207378 0.346839 0.327251 0.315737 0.317794 0.284854 0.311058 0.446997 0.457293 0.414389 0.261161 0.328142 0.469539 0.335861 0.213572 0.212755 0.328246 0.239566 0.330577 0.327365 0.304584 0.251838 0.429822 0.282563 0.324069 0.361214 0.346847 0.385712 0.376559 0.432579 0.311863 0.222124 0.227334 0.356562 0.312494 0.370198 0.463697 0.333041 0.333137 0.258089 0.340968 0.368999 0.370717 0.381057 0.268959 0.401282 0.368377 0.297655 0.235705 0.315792 0.207989 0.196517 0.629338 0.249053 0.230195 0.344175 0.500564 0.355326 0.345731 0.445503 0.344279 0.276427 0.333774 0.331167
RSZYD17050411_A 0.269921 0.274268 0.245409 0.228872 0.160106 0.262912 0.307847 0.32532 0.201709 0.290086 0.103318 0 0.312864 0.23934 0.297183 0.36859 0.25826 0.393661 0.1806 0.309248 0.312212 0.26947 0.292914 0.240073 0.242492 0.408323 0.449347 0.411647 0.203686 0.290029 0.447386 0.293459 0.174179 0.185482 0.316703 0.191373 0.358249 0.314185 0.293524 0.238706 0.407744 0.209692 0.334777 0.350682 0.329531 0.356444 0.348746 0.414559 0.314655 0.173991 0.211475 0.339089 0.276346 0.351162 0.444964 0.295912 0.312954 0.239973 0.341251 0.355307 0.346795 0.363023 0.19351 0.391325 0.318269 0.267002 0.195321 0.285839 0.195486 0.169506 0.596116 0.238372 0.177795 0.313191 0.470377 0.330233 0.314202 0.42203 0.304225 0.240386 0.274381 0.291999
RSZYD17042770_A 0.3298 0.15205 0.408754 0.328527 0.271162 0.444412 0.265413 0.540039 0.253714 0.393473 0.333163 0.312864 0 0.424908 0.176909 0.526281 0.167332 0.609053 0.3112 0.437932 0.222681 0.290697 0.34887 0.305868 0.135684 0.620485 0.256038 0.639704 0.303153 0.176262 0.258998 0.17189 0.237936 0.225999 0.171689 0.191843 0.506155 0.536084 0.169537 0.429792 0.580295 0.240002 0.467098 0.146611 0.376698 0.577297 0.272192 0.593306 0.293295 0.315554 0.35535 0.104657 0.314369 0.20442 0.616634 0.425546 0.521441 0.384915 0.320054 0.231733 0.177822 0.237755 0.266702 0.403267 0.391854 0.42557 0.299613 0.278904 0.307056 0.316041 0.55 0.408056 0.294321 0.212654 0.426025 0.532264 0.21197 0.624807 0.198243 0.378795 0.41724 0.21871
RSZYD17050351_A 0.342145 0.42889 0.168404 0.272227 0.321718 0.0637002 0.317579 0.232677 0.332373 0.259771 0.262592 0.23934 0.424908 0 0.453359 0.347743 0.359726 0.298998 0.264922 0.280982 0.364803 0.411702 0.448629 0.397456 0.389382 0.435076 0.479083 0.35096 0.351673 0.447324 0.442959 0.440642 0.288517 0.338785 0.389174 0.349584 0.25563 0.265123 0.410978 0.213327 0.289799 0.352008 0.200171 0.436165 0.231853 0.344736 0.36542 0.299851 0.316836 0.257274 0.234091 0.407219 0.409641 0.3533 0.335437 0.257514 0.24266 0.268422 0.410989 0.394784 0.375631 0.403876 0.32747 0.366011 0.301598 0.272019 0.330658 0.454545 0.347394 0.29688 0.566652 0.228086 0.30198 0.46566 0.468937 0.235352 0.472097 0.301409 0.459788 0.167272 0.209937 0.436382
RSZYD17050383_A 0.364395 0.0639563 0.448083 0.406371 0.28595 0.468622 0.276017 0.59736 0.297912 0.423108 0.331208 0.297183 0.176909 0.453359 0 0.563846 0.237279 0.638486 0.374199 0.460456 0.231089 0.223389 0.246963 0.224499 0.152531 0.636935 0.246907 0.644768 0.225087 0.114443 0.288211 0.102988 0.300869 0.213714 0.195163 0.161674 0.495275 0.567247 0.146752 0.490831 0.619884 0.255749 0.506974 0.165989 0.437469 0.611409 0.29293 0.622556 0.293845 0.365528 0.369101 0.175173 0.243274 0.288362 0.655322 0.463627 0.554691 0.456769 0.378323 0.241576 0.219967 0.261413 0.248007 0.4312 0.44699 0.491277 0.306728 0.240996 0.317449 0.331135 0.614664 0.462465 0.340694 0.0992775 0.492875 0.558998 0.108214 0.645984 0.086007 0.456184 0.486077 0.132886
RSZYD17042816_A 0.4383 0.531671 0.349368 0.311007 0.417381 0.336549 0.417669 0.31256 0.434505 0.429925 0.429557 0.36859 0.526281 0.347743 0.563846 0 0.435033 0.412539 0.353609 0.251422 0.464621 0.512815 0.560882 0.485385 0.512319 0.360417 0.588799 0.409125 0.433849 0.534546 0.485234 0.529699 0.395129 0.441991 0.503112 0.46785 0.435006 0.268097 0.521708 0.294468 0.328697 0.461802 0.324878 0.545335 0.34574 0.233326 0.439105 0.320006 0.442916 0.339167 0.377762 0.4979 0.526785 0.448882 0.306115 0.249066 0.244742 0.28738 0.515838 0.491803 0.46028 0.48279 0.415635 0.435828 0.241047 0.248463 0.416927 0.557847 0.439231 0.389543 0.518496 0.285798 0.342839 0.573361 0.482776 0.207655 0.578813 0.400468 0.570076 0.304247 0.255792 0.543292
RSZYD17042761_A 0.314547 0.215315 0.379394 0.285874 0.227514 0.380318 0.29445 0.495575 0.216798 0.369595 0.301941 0.25826 0.167332 0.359726 0.237279 0.435033 0 0.552188 0.272922 0.344079 0.246815 0.216864 0.330765 0.259315 0.147502 0.540176 0.337789 0.565455 0.243561 0.226135 0.33014 0.225521 0.199493 0.174634 0.184782 0.16726 0.46326 0.470395 0.183514 0.377587 0.516478 0.194292 0.425849 0.211629 0.368125 0.500642 0.312247 0.525123 0.311648 0.257168 0.299944 0.183546 0.284276 0.243956 0.547674 0.349226 0.463305 0.35883 0.296462 0.260329 0.222497 0.287124 0.205407 0.361851 0.335496 0.376537 0.237721 0.274594 0.276745 0.267452 0.565229 0.350048 0.224995 0.254389 0.441272 0.467185 0.26199 0.561656 0.248022 0.338494 0.377914 0.226155
RSZYD17050391_A 0.491328 0.605589 0.281232 0.436478 0.474644 0.290798 0.495153 0.214795 0.501471 0.436388 0.364052 0.393661 0.609053 0.298998 0.638486 0.412539 0.552188 0 0.42566 0.428409 0.546038 0.607998 0.630136 0.576311 0.590315 0.416184 0.661888 0.32724 0.543132 0.61955 0.558606 0.625708 0.471767 0.507286 0.584324 0.539819 0.379501 0.276496 0.596983 0.310161 0.159097 0.546639 0.233195 0.626215 0.287361 0.323791 0.527884 0.224537 0.46745 0.422834 0.404174 0.606591 0.608987 0.542303 0.26843 0.449774 0.290344 0.363836 0.593377 0.576408 0.561766 0.543187 0.534118 0.567004 0.46618 0.369839 0.509054 0.621792 0.505305 0.455267 0.592774 0.357598 0.448521 0.654568 0.619985 0.304479 0.656895 0.157186 0.648324 0.380386 0.394263 0.631635
RSZYD17042797_A 0.183204 0.33015 0.223453 0.136531 0.16183 0.264481 0.308605 0.326185 0.179757 0.247511 0.207378 0.1806 0.3112 0.264922 0.374199 0.353609 0.272922 0.42566 0 0.300159 0.306196 0.335057 0.3765 0.339223 0.298256 0.377154 0.426888 0.423649 0.303126 0.387948 0.375748 0.388207 0.209058 0.254078 0.318227 0.278309 0.375068 0.292257 0.330381 0.197201 0.401168 0.251245 0.335231 0.342001 0.370182 0.354142 0.362947 0.413956 0.324776 0.1797 0.178167 0.305267 0.35065 0.268159 0.443046 0.281219 0.306964 0.166071 0.291878 0.345134 0.267056 0.348991 0.283429 0.371147 0.275152 0.201356 0.267387 0.324429 0.24068 0.208447 0.614075 0.175423 0.214764 0.402534 0.493606 0.357027 0.408969 0.459678 0.402968 0.237501 0.268378 0.370351
RSZYD17050409_A 0.346019 0.440056 0.291353 0.28267 0.326334 0.294124 0.339924 0.378378 0.328888 0.325471 0.346839 0.309248 0.437932 0.280982 0.460456 0.251422 0.344079 0.428409 0.300159 0 0.374828 0.398075 0.455914 0.393606 0.405648 0.402687 0.48309 0.426659 0.341113 0.444701 0.421412 0.434468 0.302203 0.343491 0.361675 0.36287 0.345938 0.378475 0.416992 0.292179 0.374913 0.373724 0.3153 0.439724 0.389983 0.392322 0.371876 0.350113 0.364371 0.275909 0.23045 0.424389 0.424462 0.368057 0.359491 0.252483 0.351947 0.297051 0.417279 0.404988 0.38325 0.406797 0.341023 0.332152 0.312433 0.289371 0.328971 0.457231 0.349086 0.298628 0.50636 0.271023 0.280591 0.476283 0.376131 0.3664 0.489485 0.45842 0.450536 0.267481 0.284536 0.431051
RSZYD17050397_A 0.321061 0.230956 0.390423 0.322222 0.304581 0.386522 0.0718908 0.49094 0.31807 0.389896 0.327251 0.312212 0.222681 0.364803 0.231089 0.464621 0.246815 0.546038 0.306196 0.374828 0 0.359326 0.409532 0.310233 0.272765 0.563742 0.186867 0.583194 0.301686 0.161252 0.219172 0.180738 0.256296 0.212669 0.173674 0.210744 0.442971 0.482097 0.139797 0.387778 0.524342 0.34962 0.417946 0.136161 0.327178 0.526422 0.109969 0.539026 0.12847 0.29112 0.322248 0.157435 0.379446 0.225571 0.548148 0.365447 0.459822 0.382468 0.368624 0.0789473 0.169893 0.11759 0.31289 0.401571 0.363688 0.3947 0.303996 0.410991 0.314801 0.308608 0.622569 0.376374 0.289012 0.249297 0.49459 0.467674 0.153021 0.56499 0.230436 0.342966 0.384075 0.276951
RSZYD17050371_A 0.360396 0.22382 0.444991 0.360899 0.248627 0.427041 0.417146 0.557612 0.256487 0.398053 0.315737 0.26947 0.290697 0.411702 0.223389 0.512815 0.216864 0.607998 0.335057 0.398075 0.359326 0 0.183496 0.163312 0.196864 0.610215 0.416378 0.630295 0.139866 0.254757 0.441246 0.239583 0.245078 0.231396 0.270924 0.209078 0.490626 0.529024 0.251713 0.44202 0.570452 0.177052 0.471309 0.307889 0.507856 0.565624 0.430582 0.587274 0.418805 0.321694 0.337364 0.301933 0.12968 0.377315 0.609409 0.392113 0.514108 0.423893 0.362237 0.381823 0.356272 0.40271 0.185585 0.374321 0.390187 0.442359 0.248105 0.20071 0.291178 0.307781 0.606676 0.41248 0.277084 0.179788 0.475663 0.523111 0.258527 0.618021 0.194092 0.40211 0.431497 0.160273
RSZYD17050389_A 0.381193 0.248531 0.472281 0.417714 0.297851 0.462319 0.462813 0.597007 0.318693 0.438542 0.317794 0.292914 0.34887 0.448629 0.246963 0.560882 0.330765 0.630136 0.3765 0.455914 0.409532 0.183496 0 0.141347 0.271759 0.636413 0.453456 0.653007 0.19556 0.301237 0.496062 0.293003 0.324271 0.289243 0.360241 0.26856 0.485184 0.564885 0.323974 0.488949 0.624049 0.255979 0.497899 0.368149 0.563651 0.604969 0.464916 0.628913 0.475568 0.356037 0.362125 0.372271 0.198016 0.434751 0.649862 0.45219 0.548818 0.473703 0.385964 0.423407 0.424685 0.448081 0.25445 0.422601 0.445768 0.485537 0.27909 0.219017 0.320451 0.335991 0.643094 0.459154 0.328198 0.202123 0.517488 0.544757 0.288288 0.632618 0.239324 0.445805 0.486338 0.21147
RSZYD17042801_A 0.357974 0.21024 0.415764 0.363498 0.247077 0.410985 0.356921 0.534561 0.277883 0.413458 0.284854 0.240073 0.305868 0.397456 0.224499 0.485385 0.259315 0.576311 0.339223 0.393606 0.310233 0.163312 0.141347 0 0.235822 0.590908 0.426152 0.608367 0.0775141 0.239322 0.432028 0.235871 0.247636 0.221207 0.288794 0.181099 0.473978 0.510984 0.263009 0.428811 0.561022 0.225719 0.450396 0.326085 0.456459 0.551484 0.38239 0.571952 0.393513 0.319646 0.355228 0.312221 0.198881 0.332709 0.57208 0.382818 0.498567 0.425907 0.373534 0.338513 0.327956 0.36483 0.201185 0.413222 0.398296 0.430801 0.251144 0.248979 0.266048 0.284908 0.615972 0.413585 0.264366 0.172962 0.489604 0.492911 0.249082 0.590397 0.19304 0.377284 0.413104 0.161708
RSZYD17050406_A 0.351111 0.130545 0.408055 0.342925 0.240667 0.404506 0.324966 0.529435 0.243393 0.40438 0.311058 0.242492 0.135684 0.389382 0.152531 0.512319 0.147502 0.590315 0.298256 0.405648 0.272765 0.196864 0.271759 0.235822 0 0.603819 0.292726 0.630455 0.224024 0.162292 0.320346 0.155697 0.237955 0.188319 0.192534 0.116592 0.488878 0.51759 0.179155 0.425405 0.567634 0.162413 0.465197 0.18518 0.396481 0.55022 0.331848 0.584073 0.338003 0.31184 0.331076 0.180054 0.227009 0.258163 0.598781 0.404921 0.49128 0.386634 0.349664 0.28552 0.240579 0.305937 0.182277 0.388296 0.377033 0.412419 0.252935 0.249168 0.291592 0.298589 0.585184 0.388963 0.281444 0.181406 0.460026 0.500271 0.18335 0.594182 0.160187 0.37201 0.411271 0.130894
RSZYD17042817_A 0.490281 0.609105 0.424992 0.394037 0.481745 0.43106 0.509355 0.350155 0.498309 0.503733 0.446997 0.408323 0.620485 0.435076 0.636935 0.360417 0.540176 0.416184 0.377154 0.402687 0.563742 0.610215 0.636413 0.590908 0.603819 0 0.671031 0.168916 0.554218 0.633081 0.594902 0.636679 0.466809 0.517525 0.598316 0.541082 0.513304 0.345525 0.611842 0.32374 0.383975 0.550974 0.480147 0.635738 0.443782 0.344372 0.529386 0.302718 0.505244 0.412927 0.425238 0.606227 0.613446 0.548965 0.376344 0.436924 0.390076 0.370516 0.59856 0.588405 0.565259 0.567205 0.535371 0.487167 0.459203 0.356574 0.517293 0.626802 0.380154 0.350944 0.580841 0.337679 0.457769 0.658913 0.593399 0.429972 0.661142 0.417357 0.657846 0.421132 0.424383 0.638966
RSZYD17042782_A 0.42635 0.281707 0.473788 0.428853 0.426103 0.491044 0.198317 0.611542 0.419845 0.448595 0.457293 0.449347 0.256038 0.479083 0.246907 0.588799 0.337789 0.661888 0.426888 0.48309 0.186867 0.416378 0.453456 0.426152 0.292726 0.671031 0 0.689596 0.426648 0.235048 0.226887 0.23857 0.389785 0.35208 0.26194 0.321249 0.521543 0.59077 0.222375 0.507735 0.642481 0.427499 0.53405 0.172611 0.457971 0.633224 0.186542 0.656701 0.230209 0.449759 0.41461 0.225158 0.443033 0.294776 0.671599 0.491694 0.566907 0.481795 0.443778 0.135344 0.240577 0.171558 0.41521 0.461939 0.474074 0.518028 0.452564 0.438292 0.446886 0.446144 0.617463 0.488688 0.452525 0.2942 0.490825 0.583687 0.19858 0.674859 0.271759 0.462463 0.496026 0.320652
RSZYD17050380_A 0.475089 0.619687 0.337764 0.449343 0.499153 0.363851 0.528453 0.28191 0.522559 0.462685 0.414389 0.411647 0.639704 0.35096 0.644768 0.409125 0.565455 0.32724 0.423649 0.426659 0.583194 0.630295 0.653007 0.608367 0.630455 0.168916 0.689596 0 0.5702 0.652127 0.612327 0.655615 0.490554 0.540395 0.617849 0.565242 0.414644 0.305496 0.631143 0.300011 0.313117 0.587655 0.389516 0.655659 0.355056 0.342622 0.549836 0.268827 0.501754 0.432353 0.436002 0.630016 0.633456 0.570453 0.337904 0.464151 0.335118 0.406603 0.618435 0.609651 0.587953 0.589981 0.563652 0.537412 0.504951 0.391294 0.532306 0.647274 0.399881 0.364892 0.601839 0.357964 0.495622 0.677868 0.63332 0.371259 0.680965 0.347402 0.677003 0.421299 0.437673 0.659704
RSZYD17050385_A 0.332097 0.217224 0.376765 0.318559 0.217853 0.364933 0.335839 0.480127 0.246309 0.380673 0.261161 0.203686 0.303153 0.351673 0.225087 0.433849 0.243561 0.543132 0.303126 0.341113 0.301686 0.139866 0.19556 0.0775141 0.224024 0.554218 0.426648 0.5702 0 0.237876 0.428068 0.222357 0.19971 0.206674 0.277124 0.163083 0.44113 0.46166 0.261908 0.376802 0.509421 0.200316 0.403977 0.320293 0.422432 0.503364 0.376178 0.526817 0.381259 0.271115 0.310603 0.309483 0.179145 0.323765 0.527945 0.333483 0.451994 0.371662 0.356633 0.331859 0.31397 0.36478 0.159388 0.380405 0.346336 0.38093 0.212665 0.241085 0.232411 0.249905 0.59596 0.358898 0.213622 0.180571 0.471107 0.459 0.257656 0.552298 0.191596 0.332187 0.357904 0.152288
RSZYD17042784_A 0.386658 0.129195 0.465404 0.403624 0.294102 0.458548 0.204348 0.56988 0.315077 0.455438 0.328142 0.290029 0.176262 0.447324 0.114443 0.534546 0.226135 0.61955 0.387948 0.444701 0.161252 0.254757 0.301237 0.239322 0.162292 0.633081 0.235048 0.652127 0.237876 0 0.261414 0.0409507 0.289077 0.209804 0.191308 0.156832 0.512332 0.564655 0.118305 0.47126 0.600731 0.26984 0.493139 0.129264 0.409526 0.609604 0.226195 0.611951 0.224697 0.366187 0.399919 0.144827 0.273939 0.28364 0.619535 0.436089 0.546974 0.462248 0.385952 0.173003 0.214186 0.18671 0.234642 0.425137 0.445065 0.473773 0.302426 0.280663 0.293654 0.334501 0.6136 0.455415 0.320802 0.141081 0.495177 0.552259 0.0791621 0.643089 0.128524 0.43407 0.474387 0.175563
RSZYD17050408_A 0.339995 0.285199 0.375536 0.337138 0.333611 0.450902 0.208376 0.516933 0.341593 0.379619 0.469539 0.447386 0.258998 0.442959 0.288211 0.485234 0.33014 0.558606 0.375748 0.421412 0.219172 0.441246 0.496062 0.432028 0.320346 0.594902 0.226887 0.612327 0.428068 0.261414 0 0.272092 0.380666 0.353825 0.276659 0.314588 0.454205 0.487532 0.238868 0.396483 0.535185 0.416875 0.424315 0.192087 0.360212 0.539789 0.205951 0.548412 0.220097 0.426972 0.405328 0.222643 0.46703 0.184727 0.569616 0.452663 0.483339 0.366094 0.404798 0.214866 0.169884 0.190757 0.410219 0.437953 0.406366 0.409219 0.456511 0.445554 0.438881 0.441043 0.55395 0.401427 0.421978 0.344244 0.450943 0.484718 0.276434 0.579977 0.325166 0.40647 0.383533 0.372307
RSZYD17050387_A 0.393179 0.126572 0.471077 0.406154 0.299824 0.453254 0.224892 0.561225 0.309138 0.451082 0.335861 0.293459 0.17189 0.440642 0.102988 0.529699 0.225521 0.625708 0.388207 0.434468 0.180738 0.239583 0.293003 0.235871 0.155697 0.636679 0.23857 0.655615 0.222357 0.0409507 0.272092 0 0.281578 0.217834 0.186303 0.151154 0.50498 0.563856 0.118222 0.468316 0.593315 0.259981 0.485954 0.135963 0.416411 0.606241 0.249799 0.609645 0.250603 0.362434 0.395803 0.141999 0.253463 0.289895 0.617126 0.431496 0.545738 0.45829 0.391706 0.194094 0.212383 0.205111 0.212237 0.406672 0.440589 0.47245 0.304745 0.280513 0.287919 0.332504 0.603284 0.44764 0.321462 0.130804 0.488457 0.55699 0.0825527 0.645829 0.108628 0.436117 0.463432 0.152493
RSZYD17042774_A 0.255945 0.274982 0.312547 0.213193 0.176027 0.315576 0.286 0.373341 0.177482 0.328239 0.213572 0.174179 0.237936 0.288517 0.300869 0.395129 0.199493 0.471767 0.209058 0.302203 0.256296 0.245078 0.324271 0.247636 0.237955 0.466809 0.389785 0.490554 0.19971 0.289077 0.380666 0.281578 0 0.161082 0.222838 0.154694 0.390051 0.3743 0.237183 0.274554 0.453105 0.229178 0.337994 0.286125 0.334031 0.421665 0.298547 0.471809 0.31478 0.154787 0.201971 0.250046 0.269158 0.272206 0.492568 0.302279 0.349884 0.261218 0.323959 0.292221 0.262169 0.291472 0.158628 0.321131 0.274734 0.271571 0.190341 0.31901 0.19822 0.16908 0.57155 0.244509 0.131966 0.316966 0.451165 0.395328 0.322594 0.494582 0.289488 0.275781 0.303819 0.258295
RSZYD17042789_A 0.279778 0.191178 0.353001 0.292887 0.199052 0.353717 0.240116 0.461962 0.218653 0.337039 0.212755 0.185482 0.225999 0.338785 0.213714 0.441991 0.174634 0.507286 0.254078 0.343491 0.212669 0.231396 0.289243 0.221207 0.188319 0.517525 0.35208 0.540395 0.206674 0.209804 0.353825 0.217834 0.161082 0 0.192346 0.105201 0.409258 0.437546 0.170213 0.348617 0.489489 0.237328 0.380512 0.253211 0.332034 0.47885 0.271141 0.506463 0.240902 0.239846 0.254992 0.244238 0.266698 0.259018 0.534055 0.347197 0.41569 0.34594 0.336088 0.255213 0.253135 0.284067 0.208152 0.384176 0.34649 0.352025 0.213533 0.293413 0.224916 0.233633 0.612176 0.330405 0.213533 0.216232 0.493975 0.440511 0.229952 0.537446 0.217282 0.329738 0.363608 0.19196
RSZYD17042810_A 0.336375 0.19719 0.418519 0.35335 0.29001 0.405651 0.228716 0.509747 0.271013 0.38768 0.328246 0.316703 0.171689 0.389174 0.195163 0.503112 0.184782 0.584324 0.318227 0.361675 0.173674 0.270924 0.360241 0.288794 0.192534 0.598316 0.26194 0.617849 0.277124 0.191308 0.276659 0.186303 0.222838 0.192346 0 0.166063 0.414255 0.506589 0.101457 0.417803 0.551579 0.287642 0.438337 0.159013 0.371583 0.538345 0.245502 0.575235 0.234996 0.310124 0.288432 0.157307 0.314269 0.234778 0.589505 0.400967 0.463985 0.388223 0.32937 0.199233 0.190267 0.241124 0.265139 0.37791 0.374487 0.422324 0.293528 0.349668 0.302274 0.306889 0.587778 0.388325 0.288336 0.215157 0.434903 0.504559 0.217219 0.599185 0.177784 0.379012 0.402689 0.214431
RSZYD17050403_A 0.302686 0.137105 0.381737 0.308659 0.20167 0.368465 0.255286 0.476842 0.207415 0.365383 0.239566 0.191373 0.191843 0.349584 0.161674 0.46785 0.16726 0.539819 0.278309 0.36287 0.210744 0.209078 0.26856 0.181099 0.116592 0.541082 0.321249 0.565242 0.163083 0.156832 0.314588 0.151154 0.154694 0.105201 0.166063 0 0.430524 0.459114 0.14806 0.367992 0.514846 0.195091 0.402557 0.219182 0.337282 0.501635 0.269926 0.530867 0.272857 0.263082 0.290835 0.204684 0.227229 0.23115 0.555824 0.369272 0.436084 0.3663 0.341438 0.235713 0.225942 0.261485 0.151056 0.360317 0.345813 0.366729 0.223442 0.264355 0.217322 0.238472 0.600936 0.336189 0.227556 0.174713 0.477709 0.462113 0.178509 0.559983 0.156285 0.349908 0.381053 0.127724
RSZYD17042767_A 0.364732 0.486636 0.274238 0.407356 0.417598 0.252354 0.402049 0.321499 0.417708 0.312594 0.330577 0.358249 0.506155 0.25563 0.495275 0.435006 0.46326 0.379501 0.375068 0.345938 0.442971 0.490626 0.485184 0.473978 0.488878 0.513304 0.521543 0.414644 0.44113 0.512332 0.454205 0.50498 0.390051 0.409258 0.414255 0.430524 0 0.335827 0.47349 0.299372 0.364815 0.465571 0.236027 0.487802 0.327831 0.432079 0.428228 0.369771 0.375424 0.380921 0.28529 0.494749 0.481116 0.429725 0.416676 0.393043 0.276598 0.344095 0.465417 0.468945 0.469769 0.493004 0.4507 0.441835 0.412404 0.355976 0.420911 0.504859 0.439838 0.405895 0.602694 0.319095 0.420124 0.523438 0.482853 0.319921 0.530061 0.386594 0.4973 0.329377 0.33346 0.489351
RSZYD17042763_A 0.410691 0.54143 0.246595 0.313447 0.383982 0.24816 0.431576 0.167507 0.419148 0.363828 0.327365 0.314185 0.536084 0.265123 0.567247 0.268097 0.470395 0.276496 0.292257 0.378475 0.482097 0.529024 0.564885 0.510984 0.51759 0.345525 0.59077 0.305496 0.46166 0.564655 0.487532 0.563856 0.3743 0.437546 0.506589 0.459114 0.335827 0 0.525902 0.17253 0.23978 0.463369 0.279024 0.556959 0.250759 0.149105 0.454899 0.261655 0.408041 0.3222 0.324318 0.531442 0.531832 0.464001 0.288452 0.318744 0.134289 0.249957 0.530639 0.512022 0.494065 0.478912 0.448613 0.502803 0.297614 0.185585 0.426627 0.555838 0.400438 0.349016 0.555782 0.208501 0.3495 0.589133 0.537898 0.197443 0.592057 0.316321 0.574837 0.287249 0.257359 0.554557
RSZYD17050405_A 0.353041 0.161638 0.429906 0.372252 0.271496 0.423385 0.196008 0.549626 0.262868 0.401019 0.304584 0.293524 0.169537 0.410978 0.146752 0.521708 0.183514 0.596983 0.330381 0.416992 0.139797 0.251713 0.323974 0.263009 0.179155 0.611842 0.222375 0.631143 0.261908 0.118305 0.238868 0.118222 0.237183 0.170213 0.101457 0.14806 0.47349 0.525902 0 0.438564 0.570098 0.260398 0.457377 0.137382 0.389772 0.565846 0.213419 0.590788 0.21167 0.33052 0.35156 0.136052 0.291697 0.255158 0.607026 0.417096 0.507803 0.419446 0.353792 0.164401 0.176128 0.199893 0.24625 0.401869 0.396404 0.437435 0.266876 0.326438 0.283817 0.304028 0.626443 0.417038 0.285933 0.178128 0.494709 0.521655 0.133722 0.615794 0.160934 0.399779 0.433132 0.193934
RSZYD17042798_A 0.335782 0.458796 0.188758 0.219268 0.296539 0.201767 0.332608 0.197407 0.332104 0.290923 0.251838 0.238706 0.429792 0.213327 0.490831 0.294468 0.377587 0.310161 0.197201 0.292179 0.387778 0.44202 0.488949 0.428811 0.425405 0.32374 0.507735 0.300011 0.376802 0.47126 0.396483 0.468316 0.274554 0.348617 0.417803 0.367992 0.299372 0.17253 0.438564 0 0.270752 0.38083 0.210019 0.466115 0.24765 0.259554 0.361776 0.289169 0.325693 0.228499 0.26063 0.420246 0.444872 0.368575 0.316654 0.275752 0.187724 0.172181 0.45317 0.407054 0.380287 0.358754 0.349451 0.396777 0.265366 0.148231 0.347018 0.478598 0.275857 0.24518 0.586312 0.103781 0.261751 0.508004 0.479675 0.237765 0.510266 0.342147 0.494634 0.18351 0.18121 0.472492
RSZYD17042793_A 0.489219 0.595103 0.258882 0.395266 0.471799 0.257956 0.469156 0.191895 0.487202 0.415368 0.429822 0.407744 0.580295 0.289799 0.619884 0.328697 0.516478 0.159097 0.401168 0.374913 0.524342 0.570452 0.624049 0.561022 0.567634 0.383975 0.642481 0.313117 0.509421 0.600731 0.535185 0.593315 0.453105 0.489489 0.551579 0.514846 0.364815 0.23978 0.570098 0.270752 0 0.51868 0.221841 0.600918 0.276815 0.281742 0.509176 0.133056 0.461698 0.41237 0.413935 0.577481 0.581438 0.513043 0.156985 0.354538 0.245821 0.340225 0.581822 0.553464 0.527923 0.535685 0.495687 0.500713 0.387862 0.2923 0.482786 0.614306 0.489695 0.44422 0.54458 0.306544 0.421591 0.638012 0.581192 0.268967 0.645641 0.205461 0.628969 0.335607 0.317143 0.609105
RSZYD17042809_A 0.304259 0.213576 0.358445 0.28597 0.192727 0.358194 0.402984 0.489361 0.20213 0.372292 0.282563 0.209692 0.240002 0.352008 0.255749 0.461802 0.194292 0.546639 0.251245 0.373724 0.34962 0.177052 0.255979 0.225719 0.162413 0.550974 0.427499 0.587655 0.200316 0.26984 0.416875 0.259981 0.229178 0.237328 0.287642 0.195091 0.465571 0.463369 0.260398 0.38083 0.51868 0 0.432678 0.291636 0.473135 0.494692 0.422137 0.536505 0.414969 0.274173 0.297678 0.269992 0.1574 0.33637 0.554101 0.356872 0.449268 0.340828 0.290806 0.374731 0.315779 0.395715 0.156767 0.349127 0.330593 0.372986 0.186274 0.200809 0.251782 0.251778 0.565725 0.355281 0.213084 0.277005 0.437985 0.445095 0.288459 0.547617 0.263994 0.338807 0.378284 0.229764
RSZYD17050349_A 0.387651 0.477 0.21553 0.338949 0.384413 0.186963 0.366969 0.229049 0.376892 0.313457 0.324069 0.334777 0.467098 0.200171 0.506974 0.324878 0.425849 0.233195 0.335231 0.3153 0.417946 0.471309 0.497899 0.450396 0.465197 0.480147 0.53405 0.389516 0.403977 0.493139 0.424315 0.485954 0.337994 0.380512 0.438337 0.402557 0.236027 0.279024 0.457377 0.210019 0.221841 0.432678 0 0.483641 0.235863 0.37445 0.396609 0.264146 0.364701 0.301039 0.305889 0.444651 0.472767 0.396878 0.306619 0.323307 0.247877 0.296483 0.472533 0.436418 0.402303 0.427214 0.374787 0.398801 0.354463 0.267524 0.40348 0.514104 0.404697 0.39227 0.581188 0.240451 0.346825 0.525544 0.498444 0.240045 0.527366 0.252001 0.513564 0.253523 0.256633 0.485598
RSZYD17042775_A 0.344053 0.174597 0.43196 0.369683 0.309321 0.452747 0.182465 0.566385 0.290672 0.407637 0.361214 0.350682 0.146611 0.436165 0.165989 0.545335 0.211629 0.626215 0.342001 0.439724 0.136161 0.307889 0.368149 0.326085 0.18518 0.635738 0.172611 0.655659 0.320293 0.129264 0.192087 0.135963 0.286125 0.253211 0.159013 0.219182 0.487802 0.556959 0.137382 0.466115 0.600918 0.291636 0.483641 0 0.413091 0.594348 0.198126 0.610948 0.200994 0.357609 0.364202 0.0925012 0.327749 0.254835 0.632786 0.444881 0.535848 0.413594 0.336628 0.1517 0.177507 0.166919 0.302825 0.409342 0.422851 0.470552 0.343751 0.318201 0.338083 0.344671 0.595345 0.439753 0.341591 0.219378 0.471779 0.540802 0.14021 0.630763 0.196509 0.432203 0.464446 0.243119
RSZYD17042786_A 0.432769 0.401365 0.245455 0.352965 0.41222 0.243855 0.272513 0.207168 0.431588 0.369753 0.346847 0.329531 0.376698 0.231853 0.437469 0.34574 0.368125 0.287361 0.370182 0.389983 0.327178 0.507856 0.563651 0.456459 0.396481 0.443782 0.457971 0.355056 0.422432 0.409526 0.360212 0.416411 0.334031 0.332034 0.371583 0.337282 0.327831 0.250759 0.389772 0.24765 0.276815 0.473135 0.235863 0.413091 0 0.321473 0.288026 0.288593 0.268744 0.340018 0.353917 0.370122 0.523644 0.315774 0.337681 0.380896 0.23786 0.307247 0.528013 0.348531 0.331046 0.329749 0.412445 0.482218 0.36408 0.296251 0.410972 0.559966 0.445942 0.408189 0.574911 0.286274 0.369309 0.450623 0.540338 0.23373 0.44879 0.30307 0.440905 0.293333 0.307829 0.428587
RSZYD17050357_A 0.464952 0.583235 0.327706 0.362313 0.439908 0.328173 0.475335 0.220391 0.453781 0.42909 0.385712 0.356444 0.577297 0.344736 0.611409 0.233326 0.500642 0.323791 0.354142 0.392322 0.526422 0.565624 0.604969 0.551484 0.55022 0.344372 0.633224 0.342622 0.503364 0.609604 0.539789 0.606241 0.421665 0.47885 0.538345 0.501635 0.432079 0.149105 0.565846 0.259554 0.281742 0.494692 0.37445 0.594348 0.321473 0 0.505105 0.305084 0.447112 0.364952 0.36741 0.576626 0.562729 0.516632 0.332425 0.350327 0.198543 0.283472 0.575136 0.561304 0.535619 0.522307 0.483943 0.534275 0.275006 0.237465 0.463348 0.599824 0.453777 0.401612 0.550114 0.263706 0.392879 0.630827 0.56201 0.210522 0.637713 0.349017 0.610717 0.345664 0.303971 0.583768
RSZYD17050390_A 0.369224 0.296523 0.380545 0.324274 0.361919 0.375761 0.0902444 0.458957 0.373051 0.389507 0.376559 0.348746 0.272192 0.36542 0.29293 0.439105 0.312247 0.527884 0.362947 0.371876 0.109969 0.430582 0.464916 0.38239 0.331848 0.529386 0.186542 0.549836 0.376178 0.226195 0.205951 0.249799 0.298547 0.271141 0.245502 0.269926 0.428228 0.454899 0.213419 0.361776 0.509176 0.422137 0.396609 0.198126 0.288026 0.505105 0 0.515687 0.122675 0.327948 0.353661 0.2195 0.448374 0.249917 0.537153 0.367756 0.436685 0.347547 0.436057 0.0849298 0.215155 0.118198 0.371038 0.41237 0.340535 0.367641 0.368994 0.465857 0.374653 0.360133 0.604199 0.346312 0.349733 0.320604 0.475484 0.440308 0.222889 0.528164 0.306981 0.341582 0.363214 0.354042
RSZYD17050382_A 0.483795 0.596284 0.257038 0.410053 0.486048 0.282886 0.482999 0.223326 0.496846 0.431494 0.432579 0.414559 0.593306 0.299851 0.622556 0.320006 0.525123 0.224537 0.413956 0.350113 0.539026 0.587274 0.628913 0.571952 0.584073 0.302718 0.656701 0.268827 0.526817 0.611951 0.548412 0.609645 0.471809 0.506463 0.575235 0.530867 0.369771 0.261655 0.590788 0.289169 0.133056 0.536505 0.264146 0.610948 0.288593 0.305084 0.515687 0 0.474697 0.416521 0.422215 0.592534 0.597096 0.52645 0.169698 0.386607 0.281956 0.376861 0.593192 0.567303 0.542248 0.549311 0.513966 0.447514 0.423212 0.321006 0.493936 0.628917 0.502333 0.44268 0.535475 0.333216 0.435265 0.652227 0.568778 0.285802 0.654214 0.253376 0.641259 0.349154 0.357275 0.624997
RSZYD17050381_A 0.355876 0.297172 0.314121 0.35074 0.377395 0.321142 0.0844528 0.431988 0.373171 0.319785 0.311863 0.314655 0.293295 0.316836 0.293845 0.442916 0.311648 0.46745 0.324776 0.364371 0.12847 0.418805 0.475568 0.393513 0.338003 0.505244 0.230209 0.501754 0.381259 0.224697 0.220097 0.250603 0.31478 0.240902 0.234996 0.272857 0.375424 0.408041 0.21167 0.325693 0.461698 0.414969 0.364701 0.200994 0.268744 0.447112 0.122675 0.474697 0 0.346279 0.315113 0.235535 0.442748 0.267498 0.503505 0.365525 0.393686 0.333756 0.415547 0.152468 0.226345 0.163919 0.393621 0.42461 0.377677 0.347604 0.402584 0.448877 0.389937 0.37099 0.617698 0.319903 0.375623 0.317848 0.494905 0.408052 0.219988 0.498749 0.307985 0.318247 0.356549 0.356495
RSZYD17050399_A 0.235664 0.336676 0.273247 0.172917 0.193939 0.284531 0.303344 0.324195 0.221646 0.318737 0.222124 0.173991 0.315554 0.257274 0.365528 0.339167 0.257168 0.422834 0.1797 0.275909 0.29112 0.321694 0.356037 0.319646 0.31184 0.412927 0.449759 0.432353 0.271115 0.366187 0.426972 0.362434 0.154787 0.239846 0.310124 0.263082 0.380921 0.3222 0.33052 0.228499 0.41237 0.274173 0.301039 0.357609 0.340018 0.364952 0.327948 0.416521 0.346279 0 0.180639 0.308452 0.327708 0.315438 0.450722 0.244796 0.32149 0.230882 0.345293 0.329779 0.303284 0.313349 0.217674 0.316468 0.243127 0.21944 0.181804 0.366985 0.22227 0.173461 0.58035 0.18551 0.146468 0.3924 0.454114 0.363956 0.402266 0.454316 0.387996 0.219887 0.263368 0.365419
RSZYD17042765_A 0.227451 0.35209 0.247289 0.21016 0.215815 0.254544 0.312893 0.335762 0.230108 0.257368 0.227334 0.211475 0.35535 0.234091 0.369101 0.377762 0.299944 0.404174 0.178167 0.23045 0.322248 0.337364 0.362125 0.355228 0.331076 0.425238 0.41461 0.436002 0.310603 0.399919 0.405328 0.395803 0.201971 0.254992 0.288432 0.290835 0.28529 0.324318 0.35156 0.26063 0.413935 0.297678 0.305889 0.364202 0.353917 0.36741 0.353661 0.422215 0.315113 0.180639 0 0.34866 0.351885 0.312178 0.455398 0.288802 0.285857 0.22552 0.33854 0.347235 0.324406 0.35684 0.283332 0.330664 0.277367 0.262512 0.25755 0.356858 0.284952 0.229071 0.557464 0.211347 0.223482 0.412105 0.421064 0.354184 0.428459 0.439241 0.391128 0.250855 0.281325 0.368445
RSZYD17050360_A 0.325645 0.158568 0.403173 0.311111 0.274335 0.429158 0.206044 0.534416 0.270339 0.391639 0.356562 0.339089 0.104657 0.407219 0.175173 0.4979 0.183546 0.606591 0.305267 0.424389 0.157435 0.301933 0.372271 0.312221 0.180054 0.606227 0.225158 0.630016 0.309483 0.144827 0.222643 0.141999 0.250046 0.244238 0.157307 0.204684 0.494749 0.531442 0.136052 0.420246 0.577481 0.269992 0.444651 0.0925012 0.370122 0.576626 0.2195 0.592534 0.235535 0.308452 0.34866 0 0.324339 0.203476 0.592962 0.402287 0.506572 0.380164 0.320914 0.166887 0.124795 0.17791 0.27248 0.387056 0.39091 0.425783 0.320188 0.310136 0.331364 0.340841 0.581136 0.395471 0.303612 0.218296 0.456637 0.517357 0.179935 0.60892 0.207649 0.386492 0.420443 0.23701
